;PC Software:StarLab Version 3.60 Build 9
! ******* Warning: Do not modify this file. Changes may prevent   ********
! ******* the StarLab Log reader from opening the file correctly. ********
;Logged:17/01/2024 at 09:41:08
;File Version:5
;Time Resolution:1 microseconds
;Log Settings:Stop after:period: 00:08:00
;Log Settings:Sample:of period: 00:00:01
;Graph Mode:Merge
;Graph Type:Line
;Notes:                                                            

;Channel A:Nova II Thermopile F150A-BB-26 (s/n:764799)  NN2.55 (s/n:756294)

;Channel A:Details
;Name:F150A-BB-26
;Graph Color:RGB(14,104,168)
;Units:W
;Settings:Measuring:Power
;Settings:Laser:.8-6
;Settings:Range:30.0W

;Channel A:Statistics
;Min:7.200W              
;Max:15.18W              
;Average:13.73W              
;Std.Dev.:467.1mW             
;Overrange:0                   
;--------------------


;First Pulse Arrived : 17/01/2024 at 09:41:08
  Timestamp   	  Channel A  	
         0.000	  7.200e+00 	
         1.024	  1.475e+01 	
         2.016	  1.518e+01 	
         3.008	  1.497e+01 	
         4.000	  1.482e+01 	
         5.024	  1.481e+01 	
         6.016	  1.477e+01 	
         7.008	  1.479e+01 	
         8.095	  1.480e+01 	
         9.024	  1.475e+01 	
        10.016	  1.469e+01 	
        11.008	  1.469e+01 	
        12.095	  1.472e+01 	
        13.023	  1.469e+01 	
        14.015	  1.462e+01 	
        15.008	  1.459e+01 	
        16.063	  1.462e+01 	
        17.024	  1.458e+01 	
        18.016	  1.455e+01 	
        19.007	  1.459e+01 	
        20.063	  1.460e+01 	
        21.023	  1.452e+01 	
        22.016	  1.453e+01 	
        23.008	  1.457e+01 	
        24.000	  1.454e+01 	
        25.023	  1.447e+01 	
        26.016	  1.450e+01 	
        27.007	  1.450e+01 	
        28.064	  1.441e+01 	
        29.023	  1.444e+01 	
        30.016	  1.449e+01 	
        31.008	  1.446e+01 	
        32.063	  1.440e+01 	
        33.023	  1.446e+01 	
        34.016	  1.446e+01 	
        35.008	  1.440e+01 	
        36.064	  1.437e+01 	
        37.024	  1.439e+01 	
        38.015	  1.435e+01 	
        39.007	  1.432e+01 	
        40.064	  1.435e+01 	
        41.024	  1.436e+01 	
        42.016	  1.433e+01 	
        43.007	  1.432e+01 	
        44.000	  1.437e+01 	
        45.087	  1.434e+01 	
        46.015	  1.430e+01 	
        47.008	  1.428e+01 	
        48.000	  1.430e+01 	
        49.087	  1.426e+01 	
        50.016	  1.422e+01 	
        51.009	  1.423e+01 	
        52.064	  1.426e+01 	
        53.056	  1.423e+01 	
        54.015	  1.418e+01 	
        55.007	  1.422e+01 	
        56.000	  1.427e+01 	
        57.056	  1.424e+01 	
        58.015	  1.415e+01 	
        59.007	  1.413e+01 	
        60.000	  1.418e+01 	
        61.056	  1.419e+01 	
        62.016	  1.412e+01 	
        63.007	  1.406e+01 	
        64.000	  1.410e+01 	
        65.055	  1.415e+01 	
        66.016	  1.413e+01 	
        67.008	  1.407e+01 	
        68.000	  1.406e+01 	
        69.055	  1.412e+01 	
        70.016	  1.415e+01 	
        71.007	  1.412e+01 	
        72.063	  1.404e+01 	
        73.056	  1.401e+01 	
        74.015	  1.403e+01 	
        75.008	  1.406e+01 	
        76.000	  1.407e+01 	
        77.055	  1.400e+01 	
        78.080	  1.394e+01 	
        79.007	  1.395e+01 	
        80.000	  1.399e+01 	
        81.055	  1.400e+01 	
        82.080	  1.403e+01 	
        83.007	  1.400e+01 	
        84.063	  1.393e+01 	
        85.056	  1.390e+01 	
        86.079	  1.396e+01 	
        87.007	  1.400e+01 	
        88.064	  1.398e+01 	
        89.055	  1.399e+01 	
        90.079	  1.399e+01 	
        91.008	  1.396e+01 	
        92.000	  1.391e+01 	
        93.056	  1.386e+01 	
        94.047	  1.385e+01 	
        95.007	  1.388e+01 	
        96.000	  1.392e+01 	
        97.056	  1.393e+01 	
        98.048	  1.390e+01 	
        99.007	  1.389e+01 	
       100.064	  1.389e+01 	
       101.055	  1.389e+01 	
       102.047	  1.387e+01 	
       103.007	  1.385e+01 	
       104.063	  1.382e+01 	
       105.055	  1.380e+01 	
       106.047	  1.377e+01 	
       107.007	  1.376e+01 	
       108.063	  1.375e+01 	
       109.056	  1.376e+01 	
       110.047	  1.378e+01 	
       111.008	  1.381e+01 	
       112.000	  1.382e+01 	
       113.055	  1.384e+01 	
       114.048	  1.384e+01 	
       115.007	  1.384e+01 	
       116.000	  1.384e+01 	
       117.056	  1.382e+01 	
       118.047	  1.381e+01 	
       119.071	  1.381e+01 	
       120.063	  1.380e+01 	
       121.055	  1.381e+01 	
       122.048	  1.382e+01 	
       123.072	  1.381e+01 	
       124.064	  1.379e+01 	
       125.055	  1.378e+01 	
       126.048	  1.376e+01 	
       127.072	  1.375e+01 	
       128.063	  1.374e+01 	
       129.055	  1.372e+01 	
       130.048	  1.371e+01 	
       131.039	  1.371e+01 	
       132.064	  1.372e+01 	
       133.056	  1.374e+01 	
       134.048	  1.376e+01 	
       135.039	  1.380e+01 	
       136.063	  1.382e+01 	
       137.056	  1.382e+01 	
       138.047	  1.381e+01 	
       139.039	  1.380e+01 	
       140.064	  1.380e+01 	
       141.055	  1.380e+01 	
       142.047	  1.379e+01 	
       143.039	  1.376e+01 	
       144.000	  1.372e+01 	
       145.056	  1.370e+01 	
       146.047	  1.368e+01 	
       147.039	  1.367e+01 	
       148.000	  1.369e+01 	
       149.055	  1.372e+01 	
       150.047	  1.375e+01 	
       151.039	  1.376e+01 	
       152.000	  1.374e+01 	
       153.055	  1.374e+01 	
       154.047	  1.373e+01 	
       155.039	  1.372e+01 	
       156.063	  1.370e+01 	
       157.056	  1.369e+01 	
       158.048	  1.366e+01 	
       159.040	  1.365e+01 	
       160.063	  1.366e+01 	
       161.055	  1.368e+01 	
       162.048	  1.369e+01 	
       163.039	  1.371e+01 	
       164.064	  1.370e+01 	
       165.055	  1.370e+01 	
       166.047	  1.370e+01 	
       167.040	  1.368e+01 	
       168.031	  1.367e+01 	
       169.056	  1.366e+01 	
       170.048	  1.366e+01 	
       171.040	  1.365e+01 	
       172.031	  1.366e+01 	
       173.056	  1.367e+01 	
       174.047	  1.369e+01 	
       175.040	  1.370e+01 	
       176.032	  1.370e+01 	
       177.056	  1.369e+01 	
       178.047	  1.370e+01 	
       179.039	  1.368e+01 	
       180.031	  1.366e+01 	
       181.056	  1.366e+01 	
       182.048	  1.365e+01 	
       183.039	  1.365e+01 	
       184.032	  1.364e+01 	
       185.056	  1.364e+01 	
       186.047	  1.364e+01 	
       187.039	  1.364e+01 	
       188.031	  1.362e+01 	
       189.055	  1.361e+01 	
       190.047	  1.362e+01 	
       191.039	  1.363e+01 	
       192.032	  1.361e+01 	
       193.056	  1.361e+01 	
       194.047	  1.362e+01 	
       195.039	  1.363e+01 	
       196.031	  1.364e+01 	
       197.055	  1.364e+01 	
       198.047	  1.360e+01 	
       199.040	  1.359e+01 	
       200.031	  1.358e+01 	
       201.055	  1.358e+01 	
       202.047	  1.356e+01 	
       203.039	  1.358e+01 	
       204.031	  1.360e+01 	
       205.054	  1.359e+01 	
       206.048	  1.359e+01 	
       207.039	  1.360e+01 	
       208.031	  1.362e+01 	
       209.023	  1.364e+01 	
       210.047	  1.366e+01 	
       211.039	  1.366e+01 	
       212.031	  1.362e+01 	
       213.023	  1.359e+01 	
       214.047	  1.357e+01 	
       215.039	  1.356e+01 	
       216.030	  1.355e+01 	
       217.023	  1.354e+01 	
       218.046	  1.355e+01 	
       219.038	  1.355e+01 	
       220.001	  1.355e+01 	
       221.022	  1.355e+01 	
       222.046	  1.356e+01 	
       223.038	  1.357e+01 	
       224.030	  1.359e+01 	
       225.023	  1.359e+01 	
       226.047	  1.361e+01 	
       227.039	  1.362e+01 	
       228.031	  1.362e+01 	
       229.023	  1.361e+01 	
       230.047	  1.360e+01 	
       231.039	  1.359e+01 	
       232.031	  1.357e+01 	
       233.023	  1.356e+01 	
       234.047	  1.354e+01 	
       235.039	  1.354e+01 	
       236.031	  1.352e+01 	
       237.023	  1.352e+01 	
       238.047	  1.352e+01 	
       239.039	  1.351e+01 	
       240.031	  1.352e+01 	
       241.022	  1.352e+01 	
       242.015	  1.352e+01 	
       243.039	  1.352e+01 	
       244.031	  1.353e+01 	
       245.023	  1.353e+01 	
       246.015	  1.354e+01 	
       247.039	  1.355e+01 	
       248.032	  1.356e+01 	
       249.023	  1.357e+01 	
       250.015	  1.358e+01 	
       251.039	  1.359e+01 	
       252.031	  1.360e+01 	
       253.023	  1.359e+01 	
       254.015	  1.359e+01 	
       255.039	  1.358e+01 	
       256.031	  1.356e+01 	
       257.024	  1.355e+01 	
       258.015	  1.353e+01 	
       259.039	  1.352e+01 	
       260.031	  1.351e+01 	
       261.023	  1.350e+01 	
       262.015	  1.350e+01 	
       263.039	  1.350e+01 	
       264.031	  1.350e+01 	
       265.024	  1.349e+01 	
       266.015	  1.348e+01 	
       267.039	  1.349e+01 	
       268.031	  1.350e+01 	
       269.023	  1.351e+01 	
       270.015	  1.352e+01 	
       271.038	  1.353e+01 	
       272.031	  1.355e+01 	
       273.023	  1.357e+01 	
       274.015	  1.359e+01 	
       275.039	  1.359e+01 	
       276.032	  1.359e+01 	
       277.023	  1.358e+01 	
       278.016	  1.356e+01 	
       279.039	  1.355e+01 	
       280.032	  1.354e+01 	
       281.023	  1.353e+01 	
       282.015	  1.352e+01 	
       283.007	  1.352e+01 	
       284.032	  1.351e+01 	
       285.023	  1.350e+01 	
       286.015	  1.351e+01 	
       287.007	  1.350e+01 	
       288.031	  1.350e+01 	
       289.024	  1.350e+01 	
       290.014	  1.350e+01 	
       291.007	  1.350e+01 	
       292.031	  1.350e+01 	
       293.022	  1.350e+01 	
       294.015	  1.350e+01 	
       295.008	  1.350e+01 	
       296.031	  1.351e+01 	
       297.023	  1.352e+01 	
       298.016	  1.353e+01 	
       299.007	  1.353e+01 	
       300.031	  1.353e+01 	
       301.023	  1.354e+01 	
       302.015	  1.354e+01 	
       303.007	  1.355e+01 	
       304.031	  1.356e+01 	
       305.023	  1.357e+01 	
       306.015	  1.358e+01 	
       307.007	  1.359e+01 	
       308.031	  1.359e+01 	
       309.023	  1.361e+01 	
       310.015	  1.361e+01 	
       311.007	  1.361e+01 	
       312.031	  1.360e+01 	
       313.023	  1.359e+01 	
       314.015	  1.357e+01 	
       315.007	  1.354e+01 	
       316.031	  1.353e+01 	
       317.023	  1.351e+01 	
       318.015	  1.352e+01 	
       319.007	  1.351e+01 	
       320.095	  1.351e+01 	
       321.023	  1.349e+01 	
       322.015	  1.348e+01 	
       323.007	  1.349e+01 	
       324.095	  1.349e+01 	
       325.023	  1.350e+01 	
       326.015	  1.350e+01 	
       327.007	  1.349e+01 	
       328.095	  1.350e+01 	
       329.023	  1.351e+01 	
       330.015	  1.351e+01 	
       331.007	  1.353e+01 	
       332.063	  1.355e+01 	
       333.022	  1.356e+01 	
       334.015	  1.357e+01 	
       335.007	  1.358e+01 	
       336.063	  1.358e+01 	
       337.023	  1.357e+01 	
       338.014	  1.355e+01 	
       339.007	  1.352e+01 	
       340.063	  1.350e+01 	
       341.023	  1.346e+01 	
       342.015	  1.345e+01 	
       343.007	  1.344e+01 	
       344.063	  1.343e+01 	
       345.024	  1.342e+01 	
       346.015	  1.343e+01 	
       347.007	  1.344e+01 	
       348.063	  1.344e+01 	
       349.023	  1.345e+01 	
       350.015	  1.347e+01 	
       351.007	  1.348e+01 	
       352.063	  1.349e+01 	
       353.022	  1.351e+01 	
       354.015	  1.352e+01 	
       355.007	  1.355e+01 	
       356.063	  1.356e+01 	
       357.087	  1.357e+01 	
       358.014	  1.356e+01 	
       359.007	  1.355e+01 	
       360.063	  1.352e+01 	
       361.087	  1.348e+01 	
       362.015	  1.345e+01 	
       363.006	  1.342e+01 	
       364.062	  1.341e+01 	
       365.087	  1.340e+01 	
       366.014	  1.339e+01 	
       367.007	  1.338e+01 	
       368.063	  1.339e+01 	
       369.055	  1.338e+01 	
       370.015	  1.339e+01 	
       371.006	  1.342e+01 	
       372.062	  1.344e+01 	
       373.055	  1.346e+01 	
       374.015	  1.347e+01 	
       375.006	  1.348e+01 	
       376.063	  1.350e+01 	
       377.054	  1.351e+01 	
       378.014	  1.351e+01 	
       379.006	  1.352e+01 	
       380.062	  1.352e+01 	
       381.054	  1.353e+01 	
       382.015	  1.354e+01 	
       383.006	  1.354e+01 	
       384.063	  1.354e+01 	
       385.055	  1.354e+01 	
       386.015	  1.354e+01 	
       387.006	  1.354e+01 	
       388.062	  1.353e+01 	
       389.055	  1.352e+01 	
       390.015	  1.352e+01 	
       391.007	  1.351e+01 	
       392.062	  1.350e+01 	
       393.054	  1.349e+01 	
       394.078	  1.347e+01 	
       395.006	  1.346e+01 	
       396.063	  1.345e+01 	
       397.054	  1.343e+01 	
       398.078	  1.342e+01 	
       399.006	  1.339e+01 	
       400.064	  1.336e+01 	
       401.055	  1.336e+01 	
       402.079	  1.336e+01 	
       403.007	  1.335e+01 	
       404.063	  1.336e+01 	
       405.054	  1.338e+01 	
       406.046	  1.340e+01 	
       407.006	  1.342e+01 	
       408.063	  1.347e+01 	
       409.054	  1.351e+01 	
       410.047	  1.354e+01 	
       411.007	  1.355e+01 	
       412.062	  1.353e+01 	
       413.055	  1.350e+01 	
       414.047	  1.348e+01 	
       415.006	  1.346e+01 	
       416.062	  1.344e+01 	
       417.054	  1.341e+01 	
       418.047	  1.340e+01 	
       419.007	  1.338e+01 	
       420.062	  1.338e+01 	
       421.055	  1.340e+01 	
       422.047	  1.341e+01 	
       423.007	  1.344e+01 	
       424.063	  1.348e+01 	
       425.055	  1.352e+01 	
       426.047	  1.354e+01 	
       427.007	  1.355e+01 	
       428.063	  1.354e+01 	
       429.054	  1.353e+01 	
       430.047	  1.352e+01 	
       431.007	  1.350e+01 	
       432.063	  1.348e+01 	
       433.055	  1.349e+01 	
