;PC Software:StarLab Version 3.60 Build 9
! ******* Warning: Do not modify this file. Changes may prevent   ********
! ******* the StarLab Log reader from opening the file correctly. ********
;Logged:16/01/2024 at 16:31:06
;File Version:5
;Time Resolution:1 microseconds
;Log Settings:Stop after:period: 00:08:00
;Log Settings:Sample:of period: 00:00:01
;Graph Mode:Merge
;Graph Type:Line
;Notes:                                                            

;Channel A:Nova II Thermopile F150A-BB-26 (s/n:764799)  NN2.55 (s/n:756294)

;Channel A:Details
;Name:F150A-BB-26
;Graph Color:RGB(14,104,168)
;Units:W
;Settings:Measuring:Power
;Settings:Laser:.8-6
;Settings:Range:30.0W

;Channel A:Statistics
;Min:1.310W              
;Max:15.44W              
;Average:13.26W              
;Std.Dev.:730.4mW             
;Overrange:0                   
;--------------------


;First Pulse Arrived : 16/01/2024 at 16:31:06
  Timestamp   	  Channel A  	
         0.000	  1.310e+00 	
         1.024	  1.339e+01 	
         2.016	  1.544e+01 	
         3.008	  1.520e+01 	
         4.000	  1.499e+01 	
         5.088	  1.487e+01 	
         6.015	  1.474e+01 	
         7.007	  1.478e+01 	
         8.064	  1.482e+01 	
         9.056	  1.474e+01 	
        10.016	  1.461e+01 	
        11.007	  1.465e+01 	
        12.063	  1.463e+01 	
        13.056	  1.451e+01 	
        14.016	  1.451e+01 	
        15.007	  1.455e+01 	
        16.000	  1.445e+01 	
        17.056	  1.445e+01 	
        18.016	  1.450e+01 	
        19.008	  1.441e+01 	
        20.063	  1.438e+01 	
        21.056	  1.439e+01 	
        22.015	  1.432e+01 	
        23.008	  1.432e+01 	
        24.063	  1.430e+01 	
        25.055	  1.428e+01 	
        26.015	  1.429e+01 	
        27.008	  1.425e+01 	
        28.000	  1.423e+01 	
        29.056	  1.421e+01 	
        30.015	  1.413e+01 	
        31.008	  1.416e+01 	
        32.000	  1.414e+01 	
        33.055	  1.409e+01 	
        34.015	  1.417e+01 	
        35.008	  1.409e+01 	
        36.000	  1.405e+01 	
        37.056	  1.415e+01 	
        38.080	  1.402e+01 	
        39.007	  1.400e+01 	
        40.000	  1.409e+01 	
        41.055	  1.398e+01 	
        42.079	  1.398e+01 	
        43.008	  1.406e+01 	
        44.000	  1.395e+01 	
        45.055	  1.395e+01 	
        46.080	  1.402e+01 	
        47.008	  1.390e+01 	
        48.000	  1.389e+01 	
        49.055	  1.396e+01 	
        50.047	  1.386e+01 	
        51.008	  1.388e+01 	
        52.063	  1.395e+01 	
        53.055	  1.385e+01 	
        54.047	  1.383e+01 	
        55.008	  1.391e+01 	
        56.063	  1.383e+01 	
        57.056	  1.377e+01 	
        58.047	  1.386e+01 	
        59.007	  1.381e+01 	
        60.000	  1.371e+01 	
        61.056	  1.383e+01 	
        62.048	  1.386e+01 	
        63.008	  1.372e+01 	
        64.064	  1.371e+01 	
        65.055	  1.385e+01 	
        66.047	  1.375e+01 	
        67.007	  1.362e+01 	
        68.064	  1.374e+01 	
        69.056	  1.381e+01 	
        70.047	  1.364e+01 	
        71.008	  1.359e+01 	
        72.064	  1.378e+01 	
        73.055	  1.381e+01 	
        74.048	  1.362e+01 	
        75.072	  1.357e+01 	
        76.000	  1.372e+01 	
        77.055	  1.374e+01 	
        78.047	  1.358e+01 	
        79.072	  1.354e+01 	
        80.063	  1.368e+01 	
        81.056	  1.370e+01 	
        82.048	  1.357e+01 	
        83.071	  1.352e+01 	
        84.000	  1.364e+01 	
        85.055	  1.371e+01 	
        86.047	  1.358e+01 	
        87.040	  1.348e+01 	
        88.064	  1.354e+01 	
        89.056	  1.365e+01 	
        90.048	  1.359e+01 	
        91.040	  1.350e+01 	
        92.064	  1.345e+01 	
        93.056	  1.355e+01 	
        94.047	  1.359e+01 	
        95.040	  1.354e+01 	
        96.000	  1.348e+01 	
        97.056	  1.348e+01 	
        98.048	  1.357e+01 	
        99.040	  1.357e+01 	
       100.063	  1.352e+01 	
       101.056	  1.345e+01 	
       102.047	  1.344e+01 	
       103.039	  1.349e+01 	
       104.000	  1.349e+01 	
       105.056	  1.348e+01 	
       106.047	  1.343e+01 	
       107.039	  1.339e+01 	
       108.000	  1.343e+01 	
       109.056	  1.344e+01 	
       110.047	  1.346e+01 	
       111.040	  1.345e+01 	
       112.064	  1.341e+01 	
       113.056	  1.342e+01 	
       114.047	  1.345e+01 	
       115.040	  1.343e+01 	
       116.063	  1.343e+01 	
       117.056	  1.340e+01 	
       118.047	  1.337e+01 	
       119.040	  1.338e+01 	
       120.063	  1.339e+01 	
       121.055	  1.339e+01 	
       122.047	  1.338e+01 	
       123.039	  1.335e+01 	
       124.032	  1.331e+01 	
       125.056	  1.333e+01 	
       126.047	  1.336e+01 	
       127.039	  1.339e+01 	
       128.032	  1.338e+01 	
       129.055	  1.336e+01 	
       130.048	  1.334e+01 	
       131.039	  1.332e+01 	
       132.032	  1.334e+01 	
       133.055	  1.336e+01 	
       134.047	  1.335e+01 	
       135.039	  1.333e+01 	
       136.031	  1.332e+01 	
       137.055	  1.329e+01 	
       138.048	  1.327e+01 	
       139.040	  1.330e+01 	
       140.031	  1.332e+01 	
       141.055	  1.330e+01 	
       142.047	  1.327e+01 	
       143.039	  1.326e+01 	
       144.031	  1.326e+01 	
       145.055	  1.324e+01 	
       146.047	  1.327e+01 	
       147.039	  1.331e+01 	
       148.032	  1.331e+01 	
       149.055	  1.328e+01 	
       150.047	  1.325e+01 	
       151.039	  1.326e+01 	
       152.031	  1.324e+01 	
       153.055	  1.324e+01 	
       154.047	  1.327e+01 	
       155.039	  1.329e+01 	
       156.031	  1.329e+01 	
       157.055	  1.326e+01 	
       158.047	  1.322e+01 	
       159.039	  1.321e+01 	
       160.032	  1.319e+01 	
       161.056	  1.318e+01 	
       162.048	  1.321e+01 	
       163.039	  1.323e+01 	
       164.032	  1.324e+01 	
       165.023	  1.323e+01 	
       166.047	  1.321e+01 	
       167.040	  1.319e+01 	
       168.031	  1.317e+01 	
       169.024	  1.316e+01 	
       170.047	  1.317e+01 	
       171.040	  1.320e+01 	
       172.032	  1.321e+01 	
       173.023	  1.322e+01 	
       174.047	  1.321e+01 	
       175.039	  1.320e+01 	
       176.031	  1.319e+01 	
       177.023	  1.318e+01 	
       178.047	  1.316e+01 	
       179.039	  1.315e+01 	
       180.031	  1.316e+01 	
       181.023	  1.319e+01 	
       182.047	  1.320e+01 	
       183.039	  1.318e+01 	
       184.031	  1.318e+01 	
       185.023	  1.316e+01 	
       186.047	  1.313e+01 	
       187.039	  1.312e+01 	
       188.031	  1.309e+01 	
       189.023	  1.308e+01 	
       190.047	  1.310e+01 	
       191.039	  1.313e+01 	
       192.031	  1.314e+01 	
       193.023	  1.315e+01 	
       194.047	  1.316e+01 	
       195.039	  1.314e+01 	
       196.032	  1.313e+01 	
       197.023	  1.312e+01 	
       198.047	  1.308e+01 	
       199.039	  1.306e+01 	
       200.031	  1.305e+01 	
       201.023	  1.308e+01 	
       202.015	  1.311e+01 	
       203.040	  1.312e+01 	
       204.031	  1.314e+01 	
       205.023	  1.316e+01 	
       206.015	  1.315e+01 	
       207.040	  1.313e+01 	
       208.031	  1.313e+01 	
       209.023	  1.313e+01 	
       210.015	  1.310e+01 	
       211.039	  1.307e+01 	
       212.032	  1.303e+01 	
       213.023	  1.301e+01 	
       214.015	  1.302e+01 	
       215.039	  1.303e+01 	
       216.031	  1.304e+01 	
       217.023	  1.306e+01 	
       218.015	  1.306e+01 	
       219.039	  1.306e+01 	
       220.031	  1.307e+01 	
       221.022	  1.308e+01 	
       222.015	  1.309e+01 	
       223.039	  1.309e+01 	
       224.032	  1.308e+01 	
       225.023	  1.309e+01 	
       226.015	  1.308e+01 	
       227.039	  1.308e+01 	
       228.030	  1.309e+01 	
       229.023	  1.308e+01 	
       230.015	  1.308e+01 	
       231.040	  1.307e+01 	
       232.031	  1.307e+01 	
       233.023	  1.306e+01 	
       234.015	  1.304e+01 	
       235.039	  1.303e+01 	
       236.031	  1.304e+01 	
       237.023	  1.304e+01 	
       238.015	  1.302e+01 	
       239.008	  1.301e+01 	
       240.031	  1.299e+01 	
       241.023	  1.298e+01 	
       242.016	  1.298e+01 	
       243.007	  1.299e+01 	
       244.031	  1.301e+01 	
       245.022	  1.304e+01 	
       246.016	  1.306e+01 	
       247.007	  1.307e+01 	
       248.031	  1.306e+01 	
       249.023	  1.305e+01 	
       250.015	  1.305e+01 	
       251.007	  1.307e+01 	
       252.031	  1.307e+01 	
       253.022	  1.307e+01 	
       254.015	  1.306e+01 	
       255.007	  1.305e+01 	
       256.031	  1.304e+01 	
       257.023	  1.303e+01 	
       258.015	  1.302e+01 	
       259.007	  1.303e+01 	
       260.031	  1.302e+01 	
       261.023	  1.301e+01 	
       262.015	  1.301e+01 	
       263.007	  1.299e+01 	
       264.030	  1.298e+01 	
       265.023	  1.297e+01 	
       266.015	  1.297e+01 	
       267.007	  1.296e+01 	
       268.031	  1.296e+01 	
       269.023	  1.296e+01 	
       270.015	  1.297e+01 	
       271.006	  1.296e+01 	
       272.031	  1.296e+01 	
       273.023	  1.296e+01 	
       274.015	  1.296e+01 	
       275.007	  1.296e+01 	
       276.094	  1.296e+01 	
       277.022	  1.297e+01 	
       278.015	  1.297e+01 	
       279.007	  1.297e+01 	
       280.095	  1.298e+01 	
       281.023	  1.299e+01 	
       282.015	  1.301e+01 	
       283.007	  1.301e+01 	
       284.095	  1.303e+01 	
       285.022	  1.303e+01 	
       286.015	  1.303e+01 	
       287.007	  1.304e+01 	
       288.063	  1.304e+01 	
       289.022	  1.305e+01 	
       290.015	  1.304e+01 	
       291.007	  1.306e+01 	
       292.062	  1.306e+01 	
       293.023	  1.307e+01 	
       294.015	  1.306e+01 	
       295.006	  1.305e+01 	
       296.063	  1.303e+01 	
       297.023	  1.305e+01 	
       298.015	  1.305e+01 	
       299.007	  1.305e+01 	
       300.063	  1.303e+01 	
       301.023	  1.301e+01 	
       302.015	  1.298e+01 	
       303.006	  1.294e+01 	
       304.063	  1.295e+01 	
       305.023	  1.297e+01 	
       306.015	  1.299e+01 	
       307.006	  1.300e+01 	
       308.063	  1.300e+01 	
       309.022	  1.301e+01 	
       310.015	  1.303e+01 	
       311.007	  1.303e+01 	
       312.063	  1.304e+01 	
       313.087	  1.305e+01 	
       314.015	  1.305e+01 	
       315.006	  1.304e+01 	
       316.062	  1.302e+01 	
       317.087	  1.304e+01 	
       318.014	  1.304e+01 	
       319.006	  1.303e+01 	
       320.062	  1.301e+01 	
       321.087	  1.300e+01 	
       322.015	  1.298e+01 	
       323.006	  1.295e+01 	
       324.062	  1.291e+01 	
       325.055	  1.290e+01 	
       326.015	  1.292e+01 	
       327.006	  1.293e+01 	
       328.062	  1.294e+01 	
       329.055	  1.298e+01 	
       330.014	  1.299e+01 	
       331.006	  1.300e+01 	
       332.063	  1.302e+01 	
       333.055	  1.302e+01 	
       334.014	  1.302e+01 	
       335.007	  1.302e+01 	
       336.063	  1.302e+01 	
       337.055	  1.302e+01 	
       338.015	  1.303e+01 	
       339.007	  1.304e+01 	
       340.063	  1.303e+01 	
       341.054	  1.301e+01 	
       342.015	  1.300e+01 	
       343.007	  1.298e+01 	
       344.062	  1.295e+01 	
       345.054	  1.295e+01 	
       346.015	  1.295e+01 	
       347.007	  1.294e+01 	
       348.063	  1.297e+01 	
       349.055	  1.298e+01 	
       350.014	  1.299e+01 	
       351.006	  1.300e+01 	
       352.062	  1.301e+01 	
       353.055	  1.302e+01 	
       354.078	  1.303e+01 	
       355.007	  1.303e+01 	
       356.062	  1.302e+01 	
       357.054	  1.302e+01 	
       358.078	  1.302e+01 	
       359.007	  1.303e+01 	
       360.062	  1.303e+01 	
       361.055	  1.304e+01 	
       362.079	  1.303e+01 	
       363.006	  1.301e+01 	
       364.062	  1.300e+01 	
       365.054	  1.298e+01 	
       366.047	  1.296e+01 	
       367.006	  1.295e+01 	
       368.063	  1.295e+01 	
       369.054	  1.294e+01 	
       370.046	  1.294e+01 	
       371.007	  1.293e+01 	
       372.063	  1.293e+01 	
       373.055	  1.294e+01 	
       374.047	  1.293e+01 	
       375.007	  1.293e+01 	
       376.062	  1.293e+01 	
       377.055	  1.293e+01 	
       378.046	  1.293e+01 	
       379.007	  1.293e+01 	
       380.063	  1.293e+01 	
       381.055	  1.293e+01 	
       382.047	  1.293e+01 	
       383.006	  1.294e+01 	
       384.062	  1.293e+01 	
       385.055	  1.294e+01 	
       386.046	  1.294e+01 	
       387.007	  1.295e+01 	
       388.063	  1.296e+01 	
       389.054	  1.297e+01 	
       390.046	  1.299e+01 	
       391.071	  1.300e+01 	
       392.063	  1.301e+01 	
       393.055	  1.301e+01 	
       394.046	  1.300e+01 	
       395.071	  1.298e+01 	
       396.062	  1.298e+01 	
       397.054	  1.299e+01 	
       398.046	  1.299e+01 	
       399.070	  1.298e+01 	
       400.062	  1.295e+01 	
       401.054	  1.294e+01 	
       402.046	  1.292e+01 	
       403.038	  1.290e+01 	
       404.063	  1.290e+01 	
       405.054	  1.290e+01 	
       406.047	  1.292e+01 	
       407.039	  1.295e+01 	
       408.063	  1.296e+01 	
       409.055	  1.298e+01 	
       410.046	  1.298e+01 	
       411.039	  1.297e+01 	
       412.063	  1.295e+01 	
       413.055	  1.297e+01 	
       414.046	  1.297e+01 	
       415.038	  1.295e+01 	
       416.062	  1.293e+01 	
       417.054	  1.293e+01 	
       418.046	  1.291e+01 	
       419.038	  1.289e+01 	
       420.062	  1.289e+01 	
       421.054	  1.287e+01 	
       422.046	  1.286e+01 	
       423.039	  1.287e+01 	
       424.063	  1.289e+01 	
       425.054	  1.291e+01 	
       426.047	  1.294e+01 	
       427.038	  1.294e+01 	
       428.063	  1.295e+01 	
       429.054	  1.297e+01 	
       430.046	  1.298e+01 	
       431.038	  1.298e+01 	
       432.063	  1.298e+01 	
       433.054	  1.299e+01 	
       434.047	  1.299e+01 	
       435.038	  1.299e+01 	
       436.062	  1.299e+01 	
       437.055	  1.299e+01 	
