;PC Software:StarLab Version 3.60 Build 9
! ******* Warning: Do not modify this file. Changes may prevent   ********
! ******* the StarLab Log reader from opening the file correctly. ********
;Logged:16/01/2024 at 16:39:35
;File Version:5
;Time Resolution:1 microseconds
;Log Settings:Stop after:period: 00:08:00
;Log Settings:Sample:of period: 00:00:01
;Graph Mode:Merge
;Graph Type:Line
;Notes:                                                            

;Channel A:Nova II Thermopile F150A-BB-26 (s/n:764799)  NN2.55 (s/n:756294)

;Channel A:Details
;Name:F150A-BB-26
;Graph Color:RGB(14,104,168)
;Units:W
;Settings:Measuring:Power
;Settings:Laser:.8-6
;Settings:Range:30.0W

;Channel A:Statistics
;Min:1.630W              
;Max:15.78W              
;Average:13.88W              
;Std.Dev.:683.5mW             
;Overrange:0                   
;--------------------


;First Pulse Arrived : 16/01/2024 at 16:39:36
  Timestamp   	  Channel A  	
         0.000	  1.630e+00 	
         1.056	  1.375e+01 	
         2.048	  1.578e+01 	
         3.008	  1.562e+01 	
         4.000	  1.545e+01 	
         5.056	  1.535e+01 	
         6.048	  1.526e+01 	
         7.008	  1.516e+01 	
         8.000	  1.507e+01 	
         9.056	  1.497e+01 	
        10.048	  1.498e+01 	
        11.008	  1.506e+01 	
        12.000	  1.512e+01 	
        13.056	  1.508e+01 	
        14.048	  1.496e+01 	
        15.008	  1.481e+01 	
        16.063	  1.475e+01 	
        17.056	  1.480e+01 	
        18.048	  1.490e+01 	
        19.072	  1.491e+01 	
        20.064	  1.477e+01 	
        21.056	  1.461e+01 	
        22.048	  1.460e+01 	
        23.072	  1.471e+01 	
        24.000	  1.483e+01 	
        25.056	  1.481e+01 	
        26.048	  1.465e+01 	
        27.072	  1.450e+01 	
        28.000	  1.447e+01 	
        29.056	  1.462e+01 	
        30.048	  1.471e+01 	
        31.040	  1.467e+01 	
        32.000	  1.454e+01 	
        33.056	  1.441e+01 	
        34.048	  1.437e+01 	
        35.040	  1.447e+01 	
        36.000	  1.458e+01 	
        37.056	  1.459e+01 	
        38.048	  1.451e+01 	
        39.040	  1.440e+01 	
        40.000	  1.435e+01 	
        41.055	  1.434e+01 	
        42.049	  1.445e+01 	
        43.040	  1.455e+01 	
        44.000	  1.455e+01 	
        45.055	  1.447e+01 	
        46.048	  1.436e+01 	
        47.040	  1.430e+01 	
        48.000	  1.425e+01 	
        49.056	  1.433e+01 	
        50.048	  1.442e+01 	
        51.040	  1.445e+01 	
        52.064	  1.441e+01 	
        53.056	  1.432e+01 	
        54.048	  1.427e+01 	
        55.040	  1.419e+01 	
        56.064	  1.421e+01 	
        57.056	  1.429e+01 	
        58.048	  1.434e+01 	
        59.040	  1.434e+01 	
        60.063	  1.428e+01 	
        61.056	  1.426e+01 	
        62.047	  1.419e+01 	
        63.040	  1.418e+01 	
        64.064	  1.425e+01 	
        65.056	  1.430e+01 	
        66.048	  1.430e+01 	
        67.040	  1.426e+01 	
        68.032	  1.424e+01 	
        69.056	  1.417e+01 	
        70.047	  1.413e+01 	
        71.040	  1.418e+01 	
        72.032	  1.422e+01 	
        73.055	  1.421e+01 	
        74.047	  1.421e+01 	
        75.039	  1.419e+01 	
        76.032	  1.412e+01 	
        77.056	  1.409e+01 	
        78.048	  1.412e+01 	
        79.039	  1.414e+01 	
        80.031	  1.415e+01 	
        81.056	  1.418e+01 	
        82.048	  1.417e+01 	
        83.040	  1.411e+01 	
        84.032	  1.411e+01 	
        85.056	  1.413e+01 	
        86.047	  1.414e+01 	
        87.040	  1.413e+01 	
        88.031	  1.413e+01 	
        89.056	  1.410e+01 	
        90.048	  1.407e+01 	
        91.040	  1.408e+01 	
        92.032	  1.410e+01 	
        93.056	  1.410e+01 	
        94.048	  1.410e+01 	
        95.040	  1.408e+01 	
        96.032	  1.403e+01 	
        97.055	  1.401e+01 	
        98.048	  1.403e+01 	
        99.040	  1.405e+01 	
       100.032	  1.409e+01 	
       101.056	  1.410e+01 	
       102.048	  1.407e+01 	
       103.040	  1.404e+01 	
       104.032	  1.401e+01 	
       105.056	  1.402e+01 	
       106.048	  1.404e+01 	
       107.039	  1.405e+01 	
       108.032	  1.404e+01 	
       109.023	  1.403e+01 	
       110.047	  1.400e+01 	
       111.039	  1.399e+01 	
       112.032	  1.397e+01 	
       113.023	  1.400e+01 	
       114.047	  1.401e+01 	
       115.040	  1.399e+01 	
       116.032	  1.396e+01 	
       117.024	  1.394e+01 	
       118.047	  1.394e+01 	
       119.040	  1.393e+01 	
       120.032	  1.398e+01 	
       121.023	  1.402e+01 	
       122.048	  1.403e+01 	
       123.039	  1.400e+01 	
       124.032	  1.395e+01 	
       125.023	  1.395e+01 	
       126.048	  1.394e+01 	
       127.040	  1.392e+01 	
       128.032	  1.396e+01 	
       129.023	  1.398e+01 	
       130.047	  1.399e+01 	
       131.040	  1.398e+01 	
       132.032	  1.394e+01 	
       133.024	  1.393e+01 	
       134.047	  1.391e+01 	
       135.039	  1.388e+01 	
       136.031	  1.389e+01 	
       137.024	  1.391e+01 	
       138.048	  1.392e+01 	
       139.039	  1.393e+01 	
       140.031	  1.392e+01 	
       141.024	  1.390e+01 	
       142.047	  1.388e+01 	
       143.040	  1.388e+01 	
       144.031	  1.386e+01 	
       145.024	  1.389e+01 	
       146.016	  1.392e+01 	
       147.040	  1.393e+01 	
       148.031	  1.393e+01 	
       149.024	  1.392e+01 	
       150.015	  1.390e+01 	
       151.039	  1.388e+01 	
       152.032	  1.387e+01 	
       153.023	  1.385e+01 	
       154.016	  1.384e+01 	
       155.040	  1.386e+01 	
       156.031	  1.389e+01 	
       157.023	  1.391e+01 	
       158.016	  1.390e+01 	
       159.040	  1.390e+01 	
       160.032	  1.389e+01 	
       161.024	  1.387e+01 	
       162.015	  1.384e+01 	
       163.039	  1.382e+01 	
       164.032	  1.379e+01 	
       165.023	  1.378e+01 	
       166.016	  1.378e+01 	
       167.040	  1.381e+01 	
       168.032	  1.383e+01 	
       169.024	  1.384e+01 	
       170.015	  1.385e+01 	
       171.039	  1.386e+01 	
       172.031	  1.387e+01 	
       173.024	  1.385e+01 	
       174.016	  1.383e+01 	
       175.039	  1.384e+01 	
       176.031	  1.384e+01 	
       177.024	  1.383e+01 	
       178.016	  1.380e+01 	
       179.040	  1.378e+01 	
       180.032	  1.377e+01 	
       181.023	  1.375e+01 	
       182.015	  1.374e+01 	
       183.007	  1.375e+01 	
       184.032	  1.374e+01 	
       185.023	  1.374e+01 	
       186.016	  1.374e+01 	
       187.008	  1.375e+01 	
       188.031	  1.375e+01 	
       189.023	  1.376e+01 	
       190.016	  1.376e+01 	
       191.007	  1.377e+01 	
       192.032	  1.376e+01 	
       193.023	  1.377e+01 	
       194.016	  1.377e+01 	
       195.008	  1.377e+01 	
       196.031	  1.377e+01 	
       197.023	  1.376e+01 	
       198.016	  1.375e+01 	
       199.007	  1.375e+01 	
       200.032	  1.375e+01 	
       201.023	  1.373e+01 	
       202.015	  1.372e+01 	
       203.008	  1.372e+01 	
       204.031	  1.372e+01 	
       205.024	  1.372e+01 	
       206.015	  1.371e+01 	
       207.008	  1.371e+01 	
       208.032	  1.370e+01 	
       209.023	  1.371e+01 	
       210.016	  1.371e+01 	
       211.007	  1.373e+01 	
       212.032	  1.373e+01 	
       213.023	  1.373e+01 	
       214.015	  1.374e+01 	
       215.007	  1.375e+01 	
       216.032	  1.376e+01 	
       217.024	  1.376e+01 	
       218.015	  1.376e+01 	
       219.007	  1.376e+01 	
       220.000	  1.376e+01 	
       221.023	  1.377e+01 	
       222.015	  1.376e+01 	
       223.007	  1.376e+01 	
       224.000	  1.376e+01 	
       225.024	  1.376e+01 	
       226.015	  1.376e+01 	
       227.007	  1.376e+01 	
       228.095	  1.376e+01 	
       229.023	  1.375e+01 	
       230.015	  1.375e+01 	
       231.007	  1.375e+01 	
       232.063	  1.375e+01 	
       233.023	  1.373e+01 	
       234.016	  1.372e+01 	
       235.007	  1.371e+01 	
       236.063	  1.370e+01 	
       237.024	  1.369e+01 	
       238.015	  1.368e+01 	
       239.007	  1.367e+01 	
       240.063	  1.368e+01 	
       241.023	  1.367e+01 	
       242.015	  1.368e+01 	
       243.007	  1.370e+01 	
       244.063	  1.372e+01 	
       245.024	  1.374e+01 	
       246.015	  1.374e+01 	
       247.007	  1.375e+01 	
       248.000	  1.376e+01 	
       249.024	  1.376e+01 	
       250.015	  1.377e+01 	
       251.007	  1.377e+01 	
       252.000	  1.378e+01 	
       253.023	  1.377e+01 	
       254.015	  1.375e+01 	
       255.007	  1.375e+01 	
       256.063	  1.377e+01 	
       257.088	  1.377e+01 	
       258.015	  1.375e+01 	
       259.007	  1.373e+01 	
       260.000	  1.369e+01 	
       261.087	  1.366e+01 	
       262.015	  1.365e+01 	
       263.007	  1.367e+01 	
       264.063	  1.369e+01 	
       265.087	  1.370e+01 	
       266.015	  1.372e+01 	
       267.008	  1.374e+01 	
       268.063	  1.374e+01 	
       269.088	  1.376e+01 	
       270.015	  1.377e+01 	
       271.007	  1.377e+01 	
       272.063	  1.376e+01 	
       273.055	  1.375e+01 	
       274.015	  1.375e+01 	
       275.007	  1.376e+01 	
       276.063	  1.375e+01 	
       277.055	  1.373e+01 	
       278.015	  1.370e+01 	
       279.007	  1.367e+01 	
       280.000	  1.363e+01 	
       281.055	  1.364e+01 	
       282.015	  1.365e+01 	
       283.007	  1.367e+01 	
       284.063	  1.369e+01 	
       285.055	  1.371e+01 	
       286.016	  1.372e+01 	
       287.007	  1.372e+01 	
       288.000	  1.374e+01 	
       289.055	  1.374e+01 	
       290.015	  1.374e+01 	
       291.007	  1.373e+01 	
       292.063	  1.375e+01 	
       293.055	  1.375e+01 	
       294.015	  1.374e+01 	
       295.007	  1.372e+01 	
       296.063	  1.371e+01 	
       297.055	  1.368e+01 	
       298.079	  1.365e+01 	
       299.007	  1.364e+01 	
       300.000	  1.364e+01 	
       301.055	  1.363e+01 	
       302.079	  1.364e+01 	
       303.007	  1.366e+01 	
       304.063	  1.368e+01 	
       305.055	  1.370e+01 	
       306.079	  1.371e+01 	
       307.007	  1.371e+01 	
       308.063	  1.372e+01 	
       309.055	  1.373e+01 	
       310.047	  1.373e+01 	
       311.007	  1.374e+01 	
       312.063	  1.374e+01 	
       313.055	  1.374e+01 	
       314.047	  1.374e+01 	
       315.007	  1.374e+01 	
       316.063	  1.374e+01 	
       317.054	  1.374e+01 	
       318.048	  1.373e+01 	
       319.007	  1.373e+01 	
       320.063	  1.373e+01 	
       321.055	  1.373e+01 	
       322.046	  1.373e+01 	
       323.007	  1.373e+01 	
       324.063	  1.373e+01 	
       325.056	  1.373e+01 	
       326.047	  1.373e+01 	
       327.008	  1.373e+01 	
       328.062	  1.372e+01 	
       329.055	  1.370e+01 	
       330.047	  1.369e+01 	
       331.007	  1.368e+01 	
       332.063	  1.368e+01 	
       333.055	  1.367e+01 	
       334.047	  1.366e+01 	
       335.072	  1.365e+01 	
       336.063	  1.363e+01 	
       337.055	  1.362e+01 	
       338.048	  1.361e+01 	
       339.070	  1.361e+01 	
       340.063	  1.362e+01 	
       341.055	  1.365e+01 	
       342.047	  1.367e+01 	
       343.071	  1.368e+01 	
       344.063	  1.370e+01 	
       345.055	  1.371e+01 	
       346.047	  1.372e+01 	
       347.039	  1.371e+01 	
       348.064	  1.371e+01 	
       349.055	  1.370e+01 	
       350.047	  1.370e+01 	
       351.038	  1.370e+01 	
       352.063	  1.370e+01 	
       353.055	  1.368e+01 	
       354.047	  1.367e+01 	
       355.038	  1.366e+01 	
       356.062	  1.365e+01 	
       357.055	  1.363e+01 	
       358.047	  1.362e+01 	
       359.039	  1.362e+01 	
       360.063	  1.360e+01 	
       361.055	  1.359e+01 	
       362.047	  1.358e+01 	
       363.039	  1.358e+01 	
       364.064	  1.359e+01 	
       365.055	  1.361e+01 	
       366.047	  1.362e+01 	
       367.039	  1.363e+01 	
       368.063	  1.364e+01 	
       369.055	  1.364e+01 	
       370.047	  1.365e+01 	
       371.039	  1.365e+01 	
       372.063	  1.365e+01 	
       373.054	  1.366e+01 	
       374.047	  1.365e+01 	
       375.039	  1.365e+01 	
       376.062	  1.366e+01 	
       377.055	  1.365e+01 	
       378.047	  1.364e+01 	
       379.039	  1.364e+01 	
       380.064	  1.363e+01 	
       381.054	  1.362e+01 	
       382.047	  1.361e+01 	
       383.039	  1.360e+01 	
       384.063	  1.358e+01 	
       385.055	  1.357e+01 	
       386.047	  1.357e+01 	
       387.038	  1.358e+01 	
       388.031	  1.358e+01 	
       389.055	  1.359e+01 	
       390.047	  1.360e+01 	
       391.039	  1.360e+01 	
       392.031	  1.361e+01 	
       393.055	  1.363e+01 	
       394.046	  1.365e+01 	
       395.039	  1.366e+01 	
       396.031	  1.367e+01 	
       397.055	  1.367e+01 	
       398.046	  1.369e+01 	
       399.039	  1.370e+01 	
       400.030	  1.370e+01 	
       401.054	  1.370e+01 	
       402.047	  1.370e+01 	
       403.039	  1.369e+01 	
       404.031	  1.370e+01 	
       405.054	  1.371e+01 	
       406.047	  1.371e+01 	
       407.039	  1.372e+01 	
       408.031	  1.371e+01 	
       409.055	  1.370e+01 	
       410.046	  1.368e+01 	
       411.038	  1.367e+01 	
       412.031	  1.365e+01 	
       413.055	  1.362e+01 	
       414.047	  1.362e+01 	
       415.039	  1.363e+01 	
       416.030	  1.362e+01 	
       417.054	  1.364e+01 	
       418.047	  1.365e+01 	
       419.039	  1.367e+01 	
       420.031	  1.369e+01 	
       421.023	  1.369e+01 	
       422.047	  1.371e+01 	
       423.038	  1.373e+01 	
       424.031	  1.373e+01 	
       425.023	  1.372e+01 	
       426.046	  1.372e+01 	
       427.039	  1.372e+01 	
       428.030	  1.372e+01 	
       429.023	  1.374e+01 	
       430.047	  1.373e+01 	
       431.039	  1.372e+01 	
       432.030	  1.370e+01 	
       433.022	  1.369e+01 	
       434.046	  1.366e+01 	
       435.038	  1.363e+01 	
       436.031	  1.363e+01 	
       437.023	  1.363e+01 	
       438.047	  1.362e+01 	
       439.039	  1.363e+01 	
       440.031	  1.363e+01 	
       441.023	  1.364e+01 	
       442.046	  1.364e+01 	
       443.039	  1.365e+01 	
       444.030	  1.364e+01 	
