;PC Software:StarLab Version 3.60 Build 9
! ******* Warning: Do not modify this file. Changes may prevent   ********
! ******* the StarLab Log reader from opening the file correctly. ********
;Logged:17/01/2024 at 09:31:40
;File Version:5
;Time Resolution:1 microseconds
;Log Settings:Stop after:period: 00:08:00
;Log Settings:Sample:of period: 00:00:01
;Graph Mode:Merge
;Graph Type:Line
;Notes:                                                            

;Channel A:Nova II Thermopile F150A-BB-26 (s/n:764799)  NN2.55 (s/n:756294)

;Channel A:Details
;Name:F150A-BB-26
;Graph Color:RGB(14,104,168)
;Units:W
;Settings:Measuring:Power
;Settings:Laser:.8-6
;Settings:Range:30.0W

;Channel A:Statistics
;Min:2.350W              
;Max:14.28W              
;Average:12.87W              
;Std.Dev.:569.0mW             
;Overrange:0                   
;--------------------


;First Pulse Arrived : 17/01/2024 at 09:31:40
  Timestamp   	  Channel A  	
         0.000	  2.350e+00 	
         1.025	  1.286e+01 	
         2.016	  1.428e+01 	
         3.041	  1.415e+01 	
         4.032	  1.406e+01 	
         5.024	  1.400e+01 	
         6.016	  1.392e+01 	
         7.040	  1.386e+01 	
         8.032	  1.385e+01 	
         9.024	  1.387e+01 	
        10.017	  1.387e+01 	
        11.040	  1.382e+01 	
        12.033	  1.374e+01 	
        13.024	  1.373e+01 	
        14.016	  1.374e+01 	
        15.041	  1.373e+01 	
        16.033	  1.364e+01 	
        17.024	  1.364e+01 	
        18.016	  1.369e+01 	
        19.040	  1.368e+01 	
        20.032	  1.362e+01 	
        21.023	  1.362e+01 	
        22.016	  1.366e+01 	
        23.040	  1.364e+01 	
        24.032	  1.358e+01 	
        25.025	  1.357e+01 	
        26.015	  1.359e+01 	
        27.040	  1.354e+01 	
        28.032	  1.350e+01 	
        29.024	  1.352e+01 	
        30.016	  1.356e+01 	
        31.008	  1.352e+01 	
        32.032	  1.350e+01 	
        33.025	  1.351e+01 	
        34.017	  1.355e+01 	
        35.008	  1.351e+01 	
        36.032	  1.346e+01 	
        37.024	  1.345e+01 	
        38.017	  1.347e+01 	
        39.009	  1.346e+01 	
        40.032	  1.340e+01 	
        41.024	  1.338e+01 	
        42.016	  1.340e+01 	
        43.008	  1.343e+01 	
        44.033	  1.342e+01 	
        45.024	  1.336e+01 	
        46.016	  1.334e+01 	
        47.008	  1.337e+01 	
        48.033	  1.341e+01 	
        49.024	  1.342e+01 	
        50.016	  1.340e+01 	
        51.008	  1.335e+01 	
        52.032	  1.329e+01 	
        53.024	  1.328e+01 	
        54.017	  1.331e+01 	
        55.008	  1.334e+01 	
        56.032	  1.335e+01 	
        57.024	  1.331e+01 	
        58.016	  1.327e+01 	
        59.008	  1.322e+01 	
        60.032	  1.319e+01 	
        61.024	  1.321e+01 	
        62.016	  1.325e+01 	
        63.008	  1.327e+01 	
        64.032	  1.329e+01 	
        65.024	  1.329e+01 	
        66.016	  1.325e+01 	
        67.008	  1.321e+01 	
        68.000	  1.318e+01 	
        69.024	  1.315e+01 	
        70.016	  1.315e+01 	
        71.008	  1.318e+01 	
        72.000	  1.321e+01 	
        73.024	  1.324e+01 	
        74.016	  1.326e+01 	
        75.008	  1.326e+01 	
        76.096	  1.325e+01 	
        77.024	  1.321e+01 	
        78.016	  1.317e+01 	
        79.008	  1.313e+01 	
        80.000	  1.311e+01 	
        81.024	  1.310e+01 	
        82.016	  1.313e+01 	
        83.008	  1.314e+01 	
        84.000	  1.315e+01 	
        85.023	  1.318e+01 	
        86.016	  1.317e+01 	
        87.007	  1.315e+01 	
        88.063	  1.309e+01 	
        89.024	  1.305e+01 	
        90.016	  1.303e+01 	
        91.009	  1.305e+01 	
        92.000	  1.310e+01 	
        93.024	  1.309e+01 	
        94.015	  1.311e+01 	
        95.008	  1.313e+01 	
        96.000	  1.312e+01 	
        97.024	  1.308e+01 	
        98.016	  1.303e+01 	
        99.008	  1.301e+01 	
       100.000	  1.306e+01 	
       101.024	  1.312e+01 	
       102.016	  1.310e+01 	
       103.008	  1.310e+01 	
       104.000	  1.312e+01 	
       105.023	  1.309e+01 	
       106.016	  1.304e+01 	
       107.008	  1.299e+01 	
       108.000	  1.298e+01 	
       109.088	  1.304e+01 	
       110.015	  1.307e+01 	
       111.008	  1.305e+01 	
       112.063	  1.304e+01 	
       113.088	  1.303e+01 	
       114.015	  1.300e+01 	
       115.008	  1.296e+01 	
       116.000	  1.293e+01 	
       117.088	  1.296e+01 	
       118.016	  1.302e+01 	
       119.008	  1.302e+01 	
       120.000	  1.301e+01 	
       121.056	  1.301e+01 	
       122.016	  1.300e+01 	
       123.008	  1.297e+01 	
       124.000	  1.293e+01 	
       125.055	  1.293e+01 	
       126.015	  1.297e+01 	
       127.008	  1.302e+01 	
       128.000	  1.302e+01 	
       129.056	  1.301e+01 	
       130.016	  1.300e+01 	
       131.008	  1.297e+01 	
       132.000	  1.294e+01 	
       133.055	  1.290e+01 	
       134.016	  1.289e+01 	
       135.008	  1.291e+01 	
       136.000	  1.296e+01 	
       137.055	  1.296e+01 	
       138.016	  1.295e+01 	
       139.008	  1.294e+01 	
       140.063	  1.292e+01 	
       141.056	  1.290e+01 	
       142.015	  1.287e+01 	
       143.008	  1.286e+01 	
       144.000	  1.287e+01 	
       145.056	  1.289e+01 	
       146.080	  1.291e+01 	
       147.008	  1.291e+01 	
       148.000	  1.291e+01 	
       149.056	  1.291e+01 	
       150.080	  1.290e+01 	
       151.008	  1.289e+01 	
       152.063	  1.287e+01 	
       153.055	  1.286e+01 	
       154.080	  1.288e+01 	
       155.007	  1.289e+01 	
       156.000	  1.290e+01 	
       157.056	  1.290e+01 	
       158.048	  1.289e+01 	
       159.008	  1.290e+01 	
       160.064	  1.289e+01 	
       161.056	  1.288e+01 	
       162.048	  1.287e+01 	
       163.008	  1.285e+01 	
       164.000	  1.284e+01 	
       165.055	  1.283e+01 	
       166.049	  1.283e+01 	
       167.007	  1.283e+01 	
       168.000	  1.283e+01 	
       169.056	  1.282e+01 	
       170.048	  1.283e+01 	
       171.008	  1.283e+01 	
       172.000	  1.282e+01 	
       173.056	  1.283e+01 	
       174.047	  1.283e+01 	
       175.008	  1.284e+01 	
       176.000	  1.284e+01 	
       177.056	  1.283e+01 	
       178.047	  1.280e+01 	
       179.008	  1.278e+01 	
       180.000	  1.278e+01 	
       181.055	  1.277e+01 	
       182.048	  1.277e+01 	
       183.071	  1.277e+01 	
       184.000	  1.279e+01 	
       185.055	  1.279e+01 	
       186.048	  1.279e+01 	
       187.072	  1.279e+01 	
       188.064	  1.280e+01 	
       189.055	  1.281e+01 	
       190.047	  1.282e+01 	
       191.071	  1.283e+01 	
       192.063	  1.284e+01 	
       193.055	  1.285e+01 	
       194.047	  1.285e+01 	
       195.040	  1.285e+01 	
       196.000	  1.284e+01 	
       197.056	  1.283e+01 	
       198.048	  1.282e+01 	
       199.039	  1.282e+01 	
       200.063	  1.281e+01 	
       201.055	  1.279e+01 	
       202.048	  1.279e+01 	
       203.039	  1.279e+01 	
       204.063	  1.279e+01 	
       205.056	  1.279e+01 	
       206.048	  1.279e+01 	
       207.040	  1.280e+01 	
       208.000	  1.281e+01 	
       209.055	  1.281e+01 	
       210.048	  1.282e+01 	
       211.040	  1.282e+01 	
       212.064	  1.282e+01 	
       213.055	  1.282e+01 	
       214.047	  1.282e+01 	
       215.040	  1.281e+01 	
       216.000	  1.281e+01 	
       217.056	  1.280e+01 	
       218.047	  1.279e+01 	
       219.039	  1.278e+01 	
       220.064	  1.277e+01 	
       221.055	  1.276e+01 	
       222.047	  1.275e+01 	
       223.039	  1.275e+01 	
       224.064	  1.275e+01 	
       225.055	  1.274e+01 	
       226.047	  1.274e+01 	
       227.040	  1.274e+01 	
       228.063	  1.274e+01 	
       229.055	  1.273e+01 	
       230.047	  1.272e+01 	
       231.039	  1.271e+01 	
       232.031	  1.270e+01 	
       233.056	  1.270e+01 	
       234.047	  1.271e+01 	
       235.039	  1.271e+01 	
       236.031	  1.271e+01 	
       237.056	  1.271e+01 	
       238.048	  1.271e+01 	
       239.040	  1.271e+01 	
       240.031	  1.272e+01 	
       241.055	  1.271e+01 	
       242.048	  1.272e+01 	
       243.040	  1.272e+01 	
       244.032	  1.272e+01 	
       245.056	  1.272e+01 	
       246.048	  1.272e+01 	
       247.040	  1.272e+01 	
       248.032	  1.272e+01 	
       249.055	  1.272e+01 	
       250.048	  1.272e+01 	
       251.040	  1.272e+01 	
       252.031	  1.271e+01 	
       253.055	  1.272e+01 	
       254.047	  1.271e+01 	
       255.039	  1.271e+01 	
       256.032	  1.272e+01 	
       257.056	  1.272e+01 	
       258.048	  1.272e+01 	
       259.039	  1.271e+01 	
       260.032	  1.272e+01 	
       261.055	  1.272e+01 	
       262.048	  1.271e+01 	
       263.040	  1.272e+01 	
       264.031	  1.271e+01 	
       265.056	  1.273e+01 	
       266.047	  1.274e+01 	
       267.039	  1.274e+01 	
       268.031	  1.275e+01 	
       269.024	  1.275e+01 	
       270.047	  1.275e+01 	
       271.040	  1.275e+01 	
       272.031	  1.275e+01 	
       273.024	  1.276e+01 	
       274.048	  1.277e+01 	
       275.039	  1.279e+01 	
       276.032	  1.279e+01 	
       277.023	  1.281e+01 	
       278.047	  1.281e+01 	
       279.039	  1.281e+01 	
       280.032	  1.280e+01 	
       281.023	  1.277e+01 	
       282.047	  1.274e+01 	
       283.039	  1.272e+01 	
       284.031	  1.272e+01 	
       285.023	  1.271e+01 	
       286.047	  1.271e+01 	
       287.039	  1.270e+01 	
       288.031	  1.270e+01 	
       289.024	  1.271e+01 	
       290.047	  1.273e+01 	
       291.039	  1.273e+01 	
       292.032	  1.272e+01 	
       293.023	  1.273e+01 	
       294.047	  1.273e+01 	
       295.040	  1.275e+01 	
       296.031	  1.276e+01 	
       297.024	  1.278e+01 	
       298.048	  1.279e+01 	
       299.040	  1.280e+01 	
       300.031	  1.279e+01 	
       301.024	  1.277e+01 	
       302.047	  1.274e+01 	
       303.040	  1.271e+01 	
       304.032	  1.268e+01 	
       305.024	  1.266e+01 	
       306.047	  1.265e+01 	
       307.039	  1.265e+01 	
       308.031	  1.264e+01 	
       309.023	  1.265e+01 	
       310.016	  1.266e+01 	
       311.039	  1.266e+01 	
       312.032	  1.268e+01 	
       313.023	  1.269e+01 	
       314.015	  1.270e+01 	
       315.039	  1.272e+01 	
       316.032	  1.273e+01 	
       317.023	  1.275e+01 	
       318.015	  1.277e+01 	
       319.040	  1.279e+01 	
       320.032	  1.279e+01 	
       321.024	  1.278e+01 	
       322.015	  1.276e+01 	
       323.040	  1.273e+01 	
       324.031	  1.269e+01 	
       325.024	  1.265e+01 	
       326.016	  1.263e+01 	
       327.039	  1.262e+01 	
       328.032	  1.262e+01 	
       329.024	  1.260e+01 	
       330.015	  1.259e+01 	
       331.040	  1.261e+01 	
       332.031	  1.261e+01 	
       333.023	  1.260e+01 	
       334.015	  1.262e+01 	
       335.039	  1.264e+01 	
       336.032	  1.265e+01 	
       337.024	  1.266e+01 	
       338.015	  1.267e+01 	
       339.040	  1.267e+01 	
       340.032	  1.267e+01 	
       341.024	  1.268e+01 	
       342.015	  1.268e+01 	
       343.039	  1.267e+01 	
       344.031	  1.268e+01 	
       345.023	  1.268e+01 	
       346.016	  1.267e+01 	
       347.007	  1.266e+01 	
       348.031	  1.266e+01 	
       349.023	  1.265e+01 	
       350.015	  1.264e+01 	
       351.008	  1.263e+01 	
       352.031	  1.262e+01 	
       353.023	  1.259e+01 	
       354.015	  1.259e+01 	
       355.007	  1.259e+01 	
       356.031	  1.259e+01 	
       357.023	  1.258e+01 	
       358.015	  1.258e+01 	
       359.008	  1.259e+01 	
       360.031	  1.260e+01 	
       361.024	  1.262e+01 	
       362.016	  1.265e+01 	
       363.007	  1.270e+01 	
       364.031	  1.273e+01 	
       365.024	  1.275e+01 	
       366.015	  1.276e+01 	
       367.007	  1.275e+01 	
       368.032	  1.273e+01 	
       369.023	  1.271e+01 	
       370.015	  1.269e+01 	
       371.007	  1.268e+01 	
       372.032	  1.265e+01 	
       373.023	  1.263e+01 	
       374.015	  1.262e+01 	
       375.007	  1.261e+01 	
       376.031	  1.260e+01 	
       377.023	  1.261e+01 	
       378.016	  1.263e+01 	
       379.007	  1.266e+01 	
       380.031	  1.270e+01 	
       381.023	  1.274e+01 	
       382.015	  1.276e+01 	
       383.007	  1.276e+01 	
       384.095	  1.275e+01 	
       385.023	  1.274e+01 	
       386.015	  1.272e+01 	
       387.007	  1.271e+01 	
       388.096	  1.271e+01 	
       389.023	  1.270e+01 	
       390.016	  1.269e+01 	
       391.007	  1.269e+01 	
       392.095	  1.269e+01 	
       393.023	  1.269e+01 	
       394.015	  1.269e+01 	
       395.007	  1.268e+01 	
       396.063	  1.268e+01 	
       397.023	  1.267e+01 	
       398.015	  1.267e+01 	
       399.007	  1.267e+01 	
       400.063	  1.267e+01 	
       401.023	  1.267e+01 	
       402.015	  1.267e+01 	
       403.007	  1.268e+01 	
       404.000	  1.268e+01 	
       405.024	  1.269e+01 	
       406.016	  1.268e+01 	
       407.007	  1.268e+01 	
       408.000	  1.268e+01 	
       409.023	  1.268e+01 	
       410.015	  1.268e+01 	
       411.007	  1.268e+01 	
       412.064	  1.268e+01 	
       413.023	  1.269e+01 	
       414.015	  1.269e+01 	
       415.007	  1.269e+01 	
       416.063	  1.270e+01 	
       417.023	  1.271e+01 	
       418.014	  1.271e+01 	
       419.007	  1.271e+01 	
       420.063	  1.271e+01 	
       421.087	  1.271e+01 	
       422.015	  1.272e+01 	
       423.007	  1.272e+01 	
       424.063	  1.272e+01 	
       425.087	  1.272e+01 	
       426.015	  1.274e+01 	
       427.007	  1.275e+01 	
       428.063	  1.276e+01 	
       429.087	  1.276e+01 	
       430.015	  1.277e+01 	
       431.007	  1.278e+01 	
       432.063	  1.278e+01 	
       433.055	  1.277e+01 	
       434.016	  1.276e+01 	
       435.007	  1.273e+01 	
       436.000	  1.270e+01 	
       437.055	  1.268e+01 	
       438.015	  1.266e+01 	
       439.007	  1.264e+01 	
       440.063	  1.264e+01 	
       441.055	  1.263e+01 	
       442.015	  1.263e+01 	
       443.007	  1.263e+01 	
       444.064	  1.264e+01 	
       445.055	  1.264e+01 	
       446.015	  1.265e+01 	
       447.006	  1.267e+01 	
       448.063	  1.268e+01 	
       449.055	  1.269e+01 	
       450.015	  1.270e+01 	
       451.007	  1.271e+01 	
       452.063	  1.273e+01 	
       453.055	  1.275e+01 	
       454.015	  1.276e+01 	
       455.007	  1.278e+01 	
       456.063	  1.278e+01 	
       457.055	  1.278e+01 	
       458.079	  1.277e+01 	
       459.007	  1.275e+01 	
       460.062	  1.272e+01 	
       461.055	  1.269e+01 	
       462.079	  1.266e+01 	
       463.007	  1.263e+01 	
       464.063	  1.262e+01 	
       465.055	  1.262e+01 	
       466.079	  1.261e+01 	
       467.007	  1.261e+01 	
       468.062	  1.262e+01 	
       469.054	  1.262e+01 	
       470.079	  1.262e+01 	
       471.007	  1.265e+01 	
       472.063	  1.267e+01 	
       473.055	  1.268e+01 	
       474.047	  1.269e+01 	
       475.006	  1.271e+01 	
       476.064	  1.273e+01 	
       477.055	  1.273e+01 	
       478.047	  1.275e+01 	
       479.007	  1.277e+01 	
