;PC Software:StarLab Version 3.60 Build 9
! ******* Warning: Do not modify this file. Changes may prevent   ********
! ******* the StarLab Log reader from opening the file correctly. ********
;Logged:16/01/2024 at 16:21:46
;File Version:5
;Time Resolution:1 microseconds
;Log Settings:Stop after:period: 00:08:00
;Log Settings:Sample:of period: 00:00:01
;Graph Mode:Merge
;Graph Type:Line
;Notes:                                                            

;Channel A:Nova II Thermopile F150A-BB-26 (s/n:764799)  NN2.55 (s/n:756294)

;Channel A:Details
;Name:F150A-BB-26
;Graph Color:RGB(14,104,168)
;Units:W
;Settings:Measuring:Power
;Settings:Laser:.8-6
;Settings:Range:30.0W

;Channel A:Statistics
;Min:3.720W              
;Max:14.62W              
;Average:12.70W              
;Std.Dev.:597.8mW             
;Overrange:0                   
;--------------------


;First Pulse Arrived : 16/01/2024 at 16:21:46
  Timestamp   	  Channel A  	
         0.000	  3.720e+00 	
         1.057	  1.378e+01 	
         2.049	  1.462e+01 	
         3.073	  1.428e+01 	
         4.001	  1.401e+01 	
         5.057	  1.396e+01 	
         6.048	  1.397e+01 	
         7.073	  1.389e+01 	
         8.001	  1.391e+01 	
         9.057	  1.387e+01 	
        10.049	  1.384e+01 	
        11.073	  1.380e+01 	
        12.001	  1.376e+01 	
        13.057	  1.377e+01 	
        14.049	  1.375e+01 	
        15.040	  1.375e+01 	
        16.001	  1.372e+01 	
        17.057	  1.370e+01 	
        18.048	  1.365e+01 	
        19.041	  1.365e+01 	
        20.000	  1.366e+01 	
        21.057	  1.364e+01 	
        22.049	  1.360e+01 	
        23.042	  1.358e+01 	
        24.001	  1.354e+01 	
        25.057	  1.353e+01 	
        26.049	  1.354e+01 	
        27.041	  1.353e+01 	
        28.001	  1.350e+01 	
        29.057	  1.348e+01 	
        30.049	  1.346e+01 	
        31.041	  1.346e+01 	
        32.001	  1.346e+01 	
        33.057	  1.347e+01 	
        34.048	  1.344e+01 	
        35.040	  1.344e+01 	
        36.001	  1.338e+01 	
        37.056	  1.341e+01 	
        38.049	  1.339e+01 	
        39.040	  1.342e+01 	
        40.064	  1.337e+01 	
        41.056	  1.338e+01 	
        42.049	  1.334e+01 	
        43.041	  1.332e+01 	
        44.064	  1.336e+01 	
        45.056	  1.332e+01 	
        46.049	  1.337e+01 	
        47.041	  1.329e+01 	
        48.065	  1.331e+01 	
        49.056	  1.330e+01 	
        50.048	  1.325e+01 	
        51.041	  1.332e+01 	
        52.033	  1.325e+01 	
        53.056	  1.328e+01 	
        54.048	  1.323e+01 	
        55.041	  1.322e+01 	
        56.032	  1.324e+01 	
        57.057	  1.318e+01 	
        58.048	  1.325e+01 	
        59.040	  1.320e+01 	
        60.032	  1.321e+01 	
        61.057	  1.320e+01 	
        62.049	  1.315e+01 	
        63.041	  1.319e+01 	
        64.033	  1.314e+01 	
        65.056	  1.316e+01 	
        66.049	  1.316e+01 	
        67.040	  1.313e+01 	
        68.033	  1.318e+01 	
        69.057	  1.311e+01 	
        70.048	  1.310e+01 	
        71.040	  1.314e+01 	
        72.032	  1.306e+01 	
        73.056	  1.311e+01 	
        74.049	  1.312e+01 	
        75.040	  1.306e+01 	
        76.033	  1.312e+01 	
        77.057	  1.309e+01 	
        78.049	  1.304e+01 	
        79.040	  1.310e+01 	
        80.032	  1.306e+01 	
        81.056	  1.304e+01 	
        82.048	  1.309e+01 	
        83.041	  1.306e+01 	
        84.033	  1.304e+01 	
        85.056	  1.309e+01 	
        86.049	  1.302e+01 	
        87.040	  1.301e+01 	
        88.032	  1.304e+01 	
        89.024	  1.300e+01 	
        90.048	  1.300e+01 	
        91.040	  1.304e+01 	
        92.032	  1.300e+01 	
        93.024	  1.300e+01 	
        94.048	  1.305e+01 	
        95.040	  1.301e+01 	
        96.032	  1.295e+01 	
        97.024	  1.300e+01 	
        98.049	  1.299e+01 	
        99.040	  1.292e+01 	
       100.032	  1.296e+01 	
       101.024	  1.301e+01 	
       102.048	  1.295e+01 	
       103.040	  1.292e+01 	
       104.033	  1.299e+01 	
       105.024	  1.299e+01 	
       106.049	  1.291e+01 	
       107.041	  1.291e+01 	
       108.033	  1.296e+01 	
       109.025	  1.291e+01 	
       110.048	  1.287e+01 	
       111.041	  1.291e+01 	
       112.033	  1.296e+01 	
       113.024	  1.288e+01 	
       114.048	  1.287e+01 	
       115.040	  1.292e+01 	
       116.033	  1.295e+01 	
       117.025	  1.287e+01 	
       118.048	  1.284e+01 	
       119.041	  1.288e+01 	
       120.032	  1.288e+01 	
       121.024	  1.282e+01 	
       122.048	  1.281e+01 	
       123.040	  1.287e+01 	
       124.032	  1.287e+01 	
       125.024	  1.283e+01 	
       126.048	  1.279e+01 	
       127.041	  1.287e+01 	
       128.032	  1.287e+01 	
       129.024	  1.284e+01 	
       130.016	  1.278e+01 	
       131.040	  1.282e+01 	
       132.032	  1.285e+01 	
       133.024	  1.282e+01 	
       134.017	  1.277e+01 	
       135.040	  1.276e+01 	
       136.032	  1.283e+01 	
       137.024	  1.284e+01 	
       138.016	  1.281e+01 	
       139.041	  1.277e+01 	
       140.032	  1.279e+01 	
       141.024	  1.283e+01 	
       142.017	  1.284e+01 	
       143.040	  1.281e+01 	
       144.033	  1.278e+01 	
       145.024	  1.278e+01 	
       146.016	  1.280e+01 	
       147.040	  1.279e+01 	
       148.031	  1.277e+01 	
       149.024	  1.277e+01 	
       150.017	  1.277e+01 	
       151.040	  1.278e+01 	
       152.032	  1.278e+01 	
       153.025	  1.277e+01 	
       154.016	  1.277e+01 	
       155.040	  1.280e+01 	
       156.033	  1.277e+01 	
       157.024	  1.276e+01 	
       158.016	  1.276e+01 	
       159.040	  1.275e+01 	
       160.032	  1.278e+01 	
       161.024	  1.278e+01 	
       162.017	  1.272e+01 	
       163.040	  1.268e+01 	
       164.033	  1.268e+01 	
       165.024	  1.270e+01 	
       166.016	  1.275e+01 	
       167.008	  1.274e+01 	
       168.032	  1.268e+01 	
       169.024	  1.265e+01 	
       170.016	  1.266e+01 	
       171.008	  1.271e+01 	
       172.033	  1.277e+01 	
       173.024	  1.277e+01 	
       174.017	  1.268e+01 	
       175.008	  1.263e+01 	
       176.032	  1.263e+01 	
       177.023	  1.269e+01 	
       178.016	  1.274e+01 	
       179.008	  1.277e+01 	
       180.032	  1.271e+01 	
       181.025	  1.262e+01 	
       182.016	  1.257e+01 	
       183.008	  1.261e+01 	
       184.031	  1.268e+01 	
       185.024	  1.273e+01 	
       186.016	  1.273e+01 	
       187.008	  1.266e+01 	
       188.032	  1.260e+01 	
       189.024	  1.257e+01 	
       190.016	  1.261e+01 	
       191.008	  1.269e+01 	
       192.033	  1.274e+01 	
       193.024	  1.274e+01 	
       194.017	  1.267e+01 	
       195.008	  1.259e+01 	
       196.032	  1.256e+01 	
       197.024	  1.259e+01 	
       198.016	  1.265e+01 	
       199.008	  1.270e+01 	
       200.032	  1.271e+01 	
       201.024	  1.266e+01 	
       202.016	  1.257e+01 	
       203.008	  1.253e+01 	
       204.096	  1.256e+01 	
       205.024	  1.260e+01 	
       206.016	  1.264e+01 	
       207.009	  1.267e+01 	
       208.000	  1.265e+01 	
       209.025	  1.258e+01 	
       210.016	  1.252e+01 	
       211.008	  1.253e+01 	
       212.001	  1.260e+01 	
       213.024	  1.265e+01 	
       214.016	  1.267e+01 	
       215.008	  1.269e+01 	
       216.000	  1.265e+01 	
       217.024	  1.259e+01 	
       218.016	  1.251e+01 	
       219.008	  1.249e+01 	
       220.000	  1.256e+01 	
       221.025	  1.261e+01 	
       222.015	  1.263e+01 	
       223.008	  1.263e+01 	
       224.000	  1.262e+01 	
       225.023	  1.257e+01 	
       226.016	  1.251e+01 	
       227.008	  1.246e+01 	
       228.000	  1.250e+01 	
       229.023	  1.257e+01 	
       230.016	  1.262e+01 	
       231.008	  1.263e+01 	
       232.064	  1.258e+01 	
       233.023	  1.253e+01 	
       234.016	  1.249e+01 	
       235.007	  1.245e+01 	
       236.000	  1.244e+01 	
       237.024	  1.251e+01 	
       238.016	  1.260e+01 	
       239.008	  1.266e+01 	
       240.000	  1.268e+01 	
       241.088	  1.265e+01 	
       242.015	  1.259e+01 	
       243.008	  1.251e+01 	
       244.000	  1.245e+01 	
       245.088	  1.240e+01 	
       246.016	  1.241e+01 	
       247.008	  1.250e+01 	
       248.000	  1.258e+01 	
       249.088	  1.264e+01 	
       250.015	  1.265e+01 	
       251.008	  1.262e+01 	
       252.000	  1.255e+01 	
       253.088	  1.247e+01 	
       254.016	  1.242e+01 	
       255.007	  1.239e+01 	
       256.000	  1.239e+01 	
       257.055	  1.247e+01 	
       258.016	  1.254e+01 	
       259.008	  1.259e+01 	
       260.063	  1.261e+01 	
       261.056	  1.259e+01 	
       262.016	  1.253e+01 	
       263.008	  1.245e+01 	
       264.000	  1.237e+01 	
       265.056	  1.236e+01 	
       266.016	  1.238e+01 	
       267.008	  1.245e+01 	
       268.064	  1.254e+01 	
       269.055	  1.261e+01 	
       270.016	  1.265e+01 	
       271.008	  1.265e+01 	
       272.063	  1.261e+01 	
       273.056	  1.255e+01 	
       274.015	  1.246e+01 	
       275.008	  1.237e+01 	
       276.001	  1.234e+01 	
       277.056	  1.233e+01 	
       278.015	  1.239e+01 	
       279.009	  1.247e+01 	
       280.000	  1.255e+01 	
       281.055	  1.261e+01 	
       282.079	  1.262e+01 	
       283.007	  1.260e+01 	
       284.000	  1.256e+01 	
       285.056	  1.248e+01 	
       286.080	  1.239e+01 	
       287.008	  1.235e+01 	
       288.000	  1.234e+01 	
       289.056	  1.233e+01 	
       290.079	  1.238e+01 	
       291.008	  1.245e+01 	
       292.000	  1.252e+01 	
       293.055	  1.256e+01 	
       294.047	  1.256e+01 	
       295.007	  1.254e+01 	
       296.064	  1.249e+01 	
       297.055	  1.243e+01 	
       298.047	  1.238e+01 	
       299.008	  1.237e+01 	
       300.063	  1.234e+01 	
       301.056	  1.232e+01 	
       302.048	  1.236e+01 	
       303.008	  1.244e+01 	
       304.000	  1.251e+01 	
       305.056	  1.255e+01 	
       306.048	  1.257e+01 	
       307.008	  1.256e+01 	
       308.000	  1.253e+01 	
       309.055	  1.248e+01 	
       310.047	  1.241e+01 	
       311.008	  1.238e+01 	
       312.000	  1.236e+01 	
       313.056	  1.232e+01 	
       314.048	  1.231e+01 	
       315.007	  1.235e+01 	
       316.064	  1.241e+01 	
       317.055	  1.246e+01 	
       318.048	  1.250e+01 	
       319.072	  1.252e+01 	
       320.063	  1.251e+01 	
       321.055	  1.249e+01 	
       322.047	  1.245e+01 	
       323.072	  1.240e+01 	
       324.000	  1.239e+01 	
       325.056	  1.237e+01 	
       326.047	  1.233e+01 	
       327.071	  1.229e+01 	
       328.064	  1.231e+01 	
       329.055	  1.236e+01 	
       330.047	  1.239e+01 	
       331.040	  1.243e+01 	
       332.064	  1.246e+01 	
       333.056	  1.247e+01 	
       334.047	  1.247e+01 	
       335.039	  1.245e+01 	
       336.000	  1.242e+01 	
       337.055	  1.241e+01 	
       338.047	  1.241e+01 	
       339.040	  1.239e+01 	
       340.063	  1.235e+01 	
       341.056	  1.231e+01 	
       342.048	  1.232e+01 	
       343.039	  1.237e+01 	
       344.063	  1.240e+01 	
       345.056	  1.243e+01 	
       346.047	  1.245e+01 	
       347.039	  1.246e+01 	
       348.000	  1.246e+01 	
       349.055	  1.244e+01 	
       350.047	  1.241e+01 	
       351.039	  1.239e+01 	
       352.064	  1.239e+01 	
       353.055	  1.237e+01 	
       354.048	  1.235e+01 	
       355.040	  1.232e+01 	
       356.064	  1.230e+01 	
       357.055	  1.231e+01 	
       358.047	  1.236e+01 	
       359.039	  1.238e+01 	
       360.064	  1.240e+01 	
       361.056	  1.241e+01 	
       362.047	  1.241e+01 	
       363.040	  1.241e+01 	
       364.063	  1.239e+01 	
       365.055	  1.238e+01 	
       366.047	  1.238e+01 	
       367.040	  1.238e+01 	
       368.032	  1.237e+01 	
       369.055	  1.234e+01 	
       370.047	  1.231e+01 	
       371.040	  1.228e+01 	
       372.031	  1.226e+01 	
       373.056	  1.229e+01 	
       374.048	  1.230e+01 	
       375.039	  1.232e+01 	
       376.031	  1.234e+01 	
       377.055	  1.235e+01 	
       378.047	  1.235e+01 	
       379.039	  1.234e+01 	
       380.031	  1.234e+01 	
       381.055	  1.236e+01 	
       382.047	  1.239e+01 	
       383.039	  1.239e+01 	
       384.032	  1.237e+01 	
       385.055	  1.236e+01 	
       386.047	  1.234e+01 	
       387.039	  1.233e+01 	
       388.032	  1.233e+01 	
       389.055	  1.233e+01 	
       390.047	  1.234e+01 	
       391.039	  1.235e+01 	
       392.031	  1.237e+01 	
       393.056	  1.237e+01 	
       394.047	  1.236e+01 	
       395.040	  1.234e+01 	
       396.031	  1.233e+01 	
       397.055	  1.234e+01 	
       398.048	  1.235e+01 	
       399.039	  1.234e+01 	
       400.031	  1.233e+01 	
       401.056	  1.232e+01 	
       402.047	  1.231e+01 	
       403.040	  1.230e+01 	
       404.031	  1.229e+01 	
       405.023	  1.229e+01 	
       406.047	  1.230e+01 	
       407.039	  1.231e+01 	
       408.031	  1.232e+01 	
       409.024	  1.233e+01 	
       410.047	  1.233e+01 	
       411.039	  1.232e+01 	
       412.031	  1.232e+01 	
       413.024	  1.232e+01 	
       414.048	  1.233e+01 	
       415.039	  1.234e+01 	
       416.031	  1.232e+01 	
       417.023	  1.231e+01 	
       418.047	  1.230e+01 	
       419.039	  1.228e+01 	
       420.031	  1.228e+01 	
       421.023	  1.226e+01 	
       422.047	  1.225e+01 	
       423.039	  1.224e+01 	
       424.031	  1.225e+01 	
       425.023	  1.225e+01 	
       426.047	  1.225e+01 	
       427.039	  1.226e+01 	
       428.031	  1.227e+01 	
       429.023	  1.228e+01 	
       430.047	  1.230e+01 	
       431.039	  1.230e+01 	
       432.031	  1.230e+01 	
       433.023	  1.229e+01 	
       434.047	  1.228e+01 	
       435.039	  1.229e+01 	
