;PC Software:StarLab Version 3.60 Build 9
! ******* Warning: Do not modify this file. Changes may prevent   ********
! ******* the StarLab Log reader from opening the file correctly. ********
;Logged:17/01/2024 at 09:59:09
;File Version:5
;Time Resolution:1 microseconds
;Log Settings:Stop after:period: 00:08:00
;Log Settings:Sample:of period: 00:00:01
;Graph Mode:Merge
;Graph Type:Line
;Notes:                                                            

;Channel A:Nova II Thermopile F150A-BB-26 (s/n:764799)  NN2.55 (s/n:756294)

;Channel A:Details
;Name:F150A-BB-26
;Graph Color:RGB(14,104,168)
;Units:W
;Settings:Measuring:Power
;Settings:Laser:.8-6
;Settings:Range:30.0W

;Channel A:Statistics
;Min:6.110W              
;Max:16.70W              
;Average:15.14W              
;Std.Dev.:578.6mW             
;Overrange:0                   
;--------------------


;First Pulse Arrived : 17/01/2024 at 09:59:09
  Timestamp   	  Channel A  	
         0.000	  6.110e+00 	
         1.024	  1.593e+01 	
         2.048	  1.670e+01 	
         3.040	  1.652e+01 	
         4.032	  1.644e+01 	
         5.024	  1.642e+01 	
         6.048	  1.640e+01 	
         7.040	  1.642e+01 	
         8.032	  1.637e+01 	
         9.024	  1.627e+01 	
        10.048	  1.626e+01 	
        11.040	  1.628e+01 	
        12.032	  1.630e+01 	
        13.023	  1.624e+01 	
        14.047	  1.615e+01 	
        15.040	  1.616e+01 	
        16.032	  1.615e+01 	
        17.024	  1.612e+01 	
        18.048	  1.604e+01 	
        19.040	  1.608e+01 	
        20.032	  1.611e+01 	
        21.024	  1.609e+01 	
        22.016	  1.603e+01 	
        23.040	  1.607e+01 	
        24.032	  1.607e+01 	
        25.024	  1.602e+01 	
        26.016	  1.597e+01 	
        27.040	  1.600e+01 	
        28.032	  1.597e+01 	
        29.024	  1.593e+01 	
        30.016	  1.590e+01 	
        31.040	  1.595e+01 	
        32.032	  1.593e+01 	
        33.025	  1.591e+01 	
        34.016	  1.592e+01 	
        35.039	  1.593e+01 	
        36.032	  1.588e+01 	
        37.023	  1.585e+01 	
        38.016	  1.587e+01 	
        39.039	  1.585e+01 	
        40.032	  1.577e+01 	
        41.023	  1.577e+01 	
        42.016	  1.581e+01 	
        43.040	  1.581e+01 	
        44.031	  1.574e+01 	
        45.024	  1.574e+01 	
        46.016	  1.580e+01 	
        47.040	  1.581e+01 	
        48.032	  1.575e+01 	
        49.024	  1.567e+01 	
        50.015	  1.570e+01 	
        51.039	  1.574e+01 	
        52.031	  1.571e+01 	
        53.024	  1.563e+01 	
        54.016	  1.559e+01 	
        55.040	  1.565e+01 	
        56.032	  1.569e+01 	
        57.024	  1.566e+01 	
        58.016	  1.559e+01 	
        59.008	  1.556e+01 	
        60.032	  1.560e+01 	
        61.023	  1.565e+01 	
        62.015	  1.568e+01 	
        63.008	  1.565e+01 	
        64.031	  1.557e+01 	
        65.023	  1.552e+01 	
        66.015	  1.551e+01 	
        67.008	  1.553e+01 	
        68.032	  1.554e+01 	
        69.024	  1.557e+01 	
        70.016	  1.557e+01 	
        71.007	  1.553e+01 	
        72.031	  1.545e+01 	
        73.024	  1.540e+01 	
        74.016	  1.540e+01 	
        75.008	  1.544e+01 	
        76.032	  1.546e+01 	
        77.024	  1.544e+01 	
        78.016	  1.545e+01 	
        79.008	  1.547e+01 	
        80.032	  1.548e+01 	
        81.024	  1.546e+01 	
        82.016	  1.543e+01 	
        83.008	  1.539e+01 	
        84.032	  1.534e+01 	
        85.024	  1.533e+01 	
        86.015	  1.531e+01 	
        87.007	  1.531e+01 	
        88.032	  1.534e+01 	
        89.024	  1.539e+01 	
        90.015	  1.541e+01 	
        91.008	  1.543e+01 	
        92.032	  1.542e+01 	
        93.023	  1.541e+01 	
        94.015	  1.539e+01 	
        95.008	  1.539e+01 	
        96.095	  1.540e+01 	
        97.024	  1.541e+01 	
        98.015	  1.541e+01 	
        99.007	  1.540e+01 	
       100.000	  1.538e+01 	
       101.024	  1.534e+01 	
       102.015	  1.530e+01 	
       103.008	  1.526e+01 	
       104.095	  1.523e+01 	
       105.024	  1.522e+01 	
       106.016	  1.522e+01 	
       107.007	  1.525e+01 	
       108.000	  1.529e+01 	
       109.024	  1.532e+01 	
       110.016	  1.532e+01 	
       111.008	  1.530e+01 	
       112.000	  1.529e+01 	
       113.024	  1.529e+01 	
       114.015	  1.529e+01 	
       115.008	  1.528e+01 	
       116.064	  1.525e+01 	
       117.024	  1.522e+01 	
       118.015	  1.519e+01 	
       119.007	  1.516e+01 	
       120.000	  1.516e+01 	
       121.024	  1.521e+01 	
       122.015	  1.527e+01 	
       123.008	  1.527e+01 	
       124.000	  1.525e+01 	
       125.023	  1.525e+01 	
       126.016	  1.525e+01 	
       127.008	  1.523e+01 	
       128.063	  1.521e+01 	
       129.024	  1.518e+01 	
       130.016	  1.515e+01 	
       131.008	  1.516e+01 	
       132.000	  1.520e+01 	
       133.023	  1.526e+01 	
       134.015	  1.527e+01 	
       135.007	  1.525e+01 	
       136.063	  1.525e+01 	
       137.088	  1.524e+01 	
       138.016	  1.521e+01 	
       139.008	  1.517e+01 	
       140.000	  1.513e+01 	
       141.088	  1.510e+01 	
       142.015	  1.512e+01 	
       143.007	  1.515e+01 	
       144.063	  1.519e+01 	
       145.087	  1.519e+01 	
       146.016	  1.517e+01 	
       147.008	  1.516e+01 	
       148.063	  1.514e+01 	
       149.055	  1.512e+01 	
       150.015	  1.509e+01 	
       151.008	  1.507e+01 	
       152.064	  1.507e+01 	
       153.055	  1.509e+01 	
       154.015	  1.511e+01 	
       155.008	  1.514e+01 	
       156.000	  1.513e+01 	
       157.056	  1.513e+01 	
       158.015	  1.512e+01 	
       159.008	  1.510e+01 	
       160.063	  1.509e+01 	
       161.055	  1.508e+01 	
       162.015	  1.507e+01 	
       163.008	  1.509e+01 	
       164.000	  1.510e+01 	
       165.056	  1.512e+01 	
       166.016	  1.512e+01 	
       167.008	  1.511e+01 	
       168.000	  1.512e+01 	
       169.055	  1.512e+01 	
       170.016	  1.509e+01 	
       171.008	  1.508e+01 	
       172.000	  1.508e+01 	
       173.055	  1.506e+01 	
       174.080	  1.506e+01 	
       175.007	  1.504e+01 	
       176.000	  1.504e+01 	
       177.056	  1.504e+01 	
       178.079	  1.503e+01 	
       179.007	  1.502e+01 	
       180.000	  1.503e+01 	
       181.056	  1.504e+01 	
       182.079	  1.502e+01 	
       183.007	  1.502e+01 	
       184.064	  1.503e+01 	
       185.056	  1.504e+01 	
       186.048	  1.504e+01 	
       187.007	  1.504e+01 	
       188.064	  1.500e+01 	
       189.056	  1.498e+01 	
       190.048	  1.498e+01 	
       191.008	  1.496e+01 	
       192.000	  1.495e+01 	
       193.055	  1.498e+01 	
       194.048	  1.498e+01 	
       195.007	  1.499e+01 	
       196.064	  1.499e+01 	
       197.055	  1.501e+01 	
       198.047	  1.503e+01 	
       199.007	  1.505e+01 	
       200.063	  1.506e+01 	
       201.055	  1.504e+01 	
       202.047	  1.499e+01 	
       203.007	  1.497e+01 	
       204.000	  1.496e+01 	
       205.056	  1.494e+01 	
       206.047	  1.493e+01 	
       207.007	  1.493e+01 	
       208.064	  1.494e+01 	
       209.055	  1.495e+01 	
       210.047	  1.494e+01 	
       211.071	  1.496e+01 	
       212.063	  1.496e+01 	
       213.056	  1.497e+01 	
       214.048	  1.499e+01 	
       215.071	  1.500e+01 	
       216.063	  1.501e+01 	
       217.056	  1.502e+01 	
       218.047	  1.502e+01 	
       219.072	  1.502e+01 	
       220.063	  1.501e+01 	
       221.056	  1.500e+01 	
       222.048	  1.499e+01 	
       223.039	  1.498e+01 	
       224.000	  1.497e+01 	
       225.055	  1.495e+01 	
       226.047	  1.495e+01 	
       227.040	  1.494e+01 	
       228.000	  1.494e+01 	
       229.056	  1.494e+01 	
       230.047	  1.494e+01 	
       231.039	  1.495e+01 	
       232.064	  1.495e+01 	
       233.055	  1.495e+01 	
       234.048	  1.496e+01 	
       235.040	  1.497e+01 	
       236.000	  1.498e+01 	
       237.056	  1.499e+01 	
       238.048	  1.500e+01 	
       239.039	  1.500e+01 	
       240.000	  1.500e+01 	
       241.055	  1.499e+01 	
       242.048	  1.498e+01 	
       243.040	  1.497e+01 	
       244.063	  1.494e+01 	
       245.055	  1.493e+01 	
       246.047	  1.492e+01 	
       247.040	  1.492e+01 	
       248.063	  1.491e+01 	
       249.056	  1.491e+01 	
       250.047	  1.490e+01 	
       251.040	  1.489e+01 	
       252.064	  1.488e+01 	
       253.056	  1.487e+01 	
       254.047	  1.489e+01 	
       255.039	  1.491e+01 	
       256.063	  1.492e+01 	
       257.055	  1.492e+01 	
       258.048	  1.494e+01 	
       259.039	  1.496e+01 	
       260.064	  1.499e+01 	
       261.055	  1.501e+01 	
       262.048	  1.501e+01 	
       263.039	  1.501e+01 	
       264.032	  1.500e+01 	
       265.055	  1.499e+01 	
       266.047	  1.498e+01 	
       267.039	  1.497e+01 	
       268.031	  1.496e+01 	
       269.056	  1.495e+01 	
       270.047	  1.494e+01 	
       271.039	  1.494e+01 	
       272.032	  1.494e+01 	
       273.055	  1.494e+01 	
       274.047	  1.493e+01 	
       275.039	  1.493e+01 	
       276.031	  1.492e+01 	
       277.056	  1.493e+01 	
       278.047	  1.493e+01 	
       279.039	  1.493e+01 	
       280.031	  1.492e+01 	
       281.055	  1.493e+01 	
       282.047	  1.494e+01 	
       283.039	  1.494e+01 	
       284.032	  1.494e+01 	
       285.055	  1.494e+01 	
       286.047	  1.495e+01 	
       287.040	  1.495e+01 	
       288.031	  1.496e+01 	
       289.055	  1.497e+01 	
       290.047	  1.498e+01 	
       291.040	  1.499e+01 	
       292.032	  1.499e+01 	
       293.055	  1.500e+01 	
       294.048	  1.501e+01 	
       295.039	  1.502e+01 	
       296.031	  1.502e+01 	
       297.055	  1.502e+01 	
       298.048	  1.500e+01 	
       299.039	  1.498e+01 	
       300.031	  1.495e+01 	
       301.023	  1.493e+01 	
       302.047	  1.492e+01 	
       303.039	  1.493e+01 	
       304.031	  1.492e+01 	
       305.023	  1.491e+01 	
       306.047	  1.490e+01 	
       307.040	  1.489e+01 	
       308.031	  1.489e+01 	
       309.023	  1.490e+01 	
       310.047	  1.491e+01 	
       311.040	  1.491e+01 	
       312.031	  1.491e+01 	
       313.023	  1.492e+01 	
       314.047	  1.493e+01 	
       315.039	  1.493e+01 	
       316.031	  1.495e+01 	
       317.023	  1.497e+01 	
       318.048	  1.498e+01 	
       319.039	  1.499e+01 	
       320.032	  1.500e+01 	
       321.023	  1.499e+01 	
       322.047	  1.497e+01 	
       323.039	  1.494e+01 	
       324.031	  1.490e+01 	
       325.023	  1.486e+01 	
       326.047	  1.485e+01 	
       327.039	  1.483e+01 	
       328.031	  1.482e+01 	
       329.023	  1.481e+01 	
       330.047	  1.481e+01 	
       331.039	  1.483e+01 	
       332.031	  1.484e+01 	
       333.023	  1.485e+01 	
       334.047	  1.488e+01 	
       335.039	  1.489e+01 	
       336.032	  1.490e+01 	
       337.023	  1.491e+01 	
       338.016	  1.493e+01 	
       339.039	  1.495e+01 	
       340.031	  1.496e+01 	
       341.023	  1.498e+01 	
       342.015	  1.498e+01 	
       343.039	  1.497e+01 	
       344.031	  1.494e+01 	
       345.023	  1.490e+01 	
       346.015	  1.486e+01 	
       347.039	  1.482e+01 	
       348.031	  1.480e+01 	
       349.023	  1.478e+01 	
       350.014	  1.476e+01 	
       351.039	  1.475e+01 	
       352.031	  1.476e+01 	
       353.023	  1.476e+01 	
       354.015	  1.477e+01 	
       355.039	  1.480e+01 	
       356.031	  1.483e+01 	
       357.023	  1.485e+01 	
       358.015	  1.487e+01 	
       359.039	  1.489e+01 	
       360.031	  1.490e+01 	
       361.024	  1.491e+01 	
       362.015	  1.491e+01 	
       363.039	  1.493e+01 	
       364.032	  1.494e+01 	
       365.023	  1.495e+01 	
       366.015	  1.495e+01 	
       367.040	  1.496e+01 	
       368.031	  1.496e+01 	
       369.023	  1.496e+01 	
       370.015	  1.496e+01 	
       371.039	  1.497e+01 	
       372.030	  1.497e+01 	
       373.024	  1.496e+01 	
       374.015	  1.496e+01 	
       375.039	  1.497e+01 	
       376.032	  1.496e+01 	
       377.023	  1.495e+01 	
       378.015	  1.494e+01 	
       379.007	  1.494e+01 	
       380.031	  1.493e+01 	
       381.023	  1.491e+01 	
       382.015	  1.490e+01 	
       383.007	  1.489e+01 	
       384.031	  1.487e+01 	
       385.023	  1.485e+01 	
       386.015	  1.483e+01 	
       387.006	  1.480e+01 	
       388.031	  1.476e+01 	
       389.023	  1.475e+01 	
       390.015	  1.473e+01 	
       391.007	  1.473e+01 	
       392.031	  1.475e+01 	
       393.023	  1.477e+01 	
       394.015	  1.479e+01 	
       395.007	  1.484e+01 	
       396.031	  1.489e+01 	
       397.023	  1.493e+01 	
       398.015	  1.495e+01 	
       399.007	  1.493e+01 	
       400.031	  1.490e+01 	
       401.023	  1.487e+01 	
       402.015	  1.485e+01 	
       403.007	  1.484e+01 	
       404.031	  1.480e+01 	
       405.023	  1.478e+01 	
       406.015	  1.477e+01 	
       407.007	  1.478e+01 	
       408.031	  1.480e+01 	
       409.023	  1.482e+01 	
       410.016	  1.486e+01 	
       411.007	  1.490e+01 	
       412.031	  1.494e+01 	
       413.023	  1.495e+01 	
       414.015	  1.495e+01 	
       415.007	  1.494e+01 	
       416.096	  1.493e+01 	
       417.022	  1.491e+01 	
       418.015	  1.489e+01 	
       419.007	  1.488e+01 	
       420.095	  1.488e+01 	
       421.023	  1.487e+01 	
       422.015	  1.486e+01 	
       423.007	  1.486e+01 	
       424.062	  1.487e+01 	
       425.023	  1.487e+01 	
       426.015	  1.487e+01 	
       427.007	  1.487e+01 	
       428.062	  1.487e+01 	
       429.023	  1.487e+01 	
       430.015	  1.487e+01 	
       431.007	  1.487e+01 	
       432.063	  1.487e+01 	
       433.023	  1.487e+01 	
