;PC Software:StarLab Version 3.60 Build 9
! ******* Warning: Do not modify this file. Changes may prevent   ********
! ******* the StarLab Log reader from opening the file correctly. ********
;Logged:16/01/2024 at 16:57:03
;File Version:5
;Time Resolution:1 microseconds
;Log Settings:Stop after:period: 00:08:00
;Log Settings:Sample:of period: 00:00:01
;Graph Mode:Merge
;Graph Type:Line
;Notes:                                                            

;Channel A:Nova II Thermopile F150A-BB-26 (s/n:764799)  NN2.55 (s/n:756294)

;Channel A:Details
;Name:F150A-BB-26
;Graph Color:RGB(14,104,168)
;Units:W
;Settings:Measuring:Power
;Settings:Laser:.8-6
;Settings:Range:30.0W

;Channel A:Statistics
;Min:2.730W              
;Max:17.28W              
;Average:15.25W              
;Std.Dev.:704.0mW             
;Overrange:0                   
;--------------------


;First Pulse Arrived : 16/01/2024 at 16:57:03
  Timestamp   	  Channel A  	
         0.000	  2.730e+00 	
         1.024	  1.560e+01 	
         2.048	  1.728e+01 	
         3.039	  1.695e+01 	
         4.032	  1.672e+01 	
         5.024	  1.662e+01 	
         6.048	  1.656e+01 	
         7.040	  1.654e+01 	
         8.031	  1.653e+01 	
         9.023	  1.656e+01 	
        10.048	  1.658e+01 	
        11.040	  1.661e+01 	
        12.031	  1.661e+01 	
        13.023	  1.658e+01 	
        14.047	  1.651e+01 	
        15.039	  1.640e+01 	
        16.032	  1.624e+01 	
        17.023	  1.614e+01 	
        18.047	  1.611e+01 	
        19.039	  1.610e+01 	
        20.032	  1.620e+01 	
        21.023	  1.631e+01 	
        22.048	  1.635e+01 	
        23.040	  1.630e+01 	
        24.031	  1.616e+01 	
        25.023	  1.599e+01 	
        26.048	  1.591e+01 	
        27.039	  1.590e+01 	
        28.032	  1.603e+01 	
        29.024	  1.614e+01 	
        30.048	  1.616e+01 	
        31.040	  1.610e+01 	
        32.031	  1.595e+01 	
        33.024	  1.582e+01 	
        34.016	  1.577e+01 	
        35.040	  1.582e+01 	
        36.032	  1.596e+01 	
        37.024	  1.603e+01 	
        38.015	  1.600e+01 	
        39.039	  1.589e+01 	
        40.031	  1.577e+01 	
        41.023	  1.571e+01 	
        42.015	  1.574e+01 	
        43.040	  1.589e+01 	
        44.031	  1.598e+01 	
        45.024	  1.595e+01 	
        46.016	  1.583e+01 	
        47.040	  1.572e+01 	
        48.032	  1.564e+01 	
        49.023	  1.571e+01 	
        50.015	  1.583e+01 	
        51.039	  1.587e+01 	
        52.031	  1.582e+01 	
        53.023	  1.572e+01 	
        54.015	  1.563e+01 	
        55.039	  1.561e+01 	
        56.032	  1.570e+01 	
        57.024	  1.577e+01 	
        58.016	  1.574e+01 	
        59.040	  1.569e+01 	
        60.032	  1.563e+01 	
        61.024	  1.559e+01 	
        62.016	  1.568e+01 	
        63.040	  1.573e+01 	
        64.031	  1.572e+01 	
        65.023	  1.568e+01 	
        66.015	  1.561e+01 	
        67.039	  1.557e+01 	
        68.032	  1.562e+01 	
        69.023	  1.564e+01 	
        70.016	  1.563e+01 	
        71.008	  1.562e+01 	
        72.031	  1.557e+01 	
        73.023	  1.552e+01 	
        74.015	  1.555e+01 	
        75.008	  1.557e+01 	
        76.031	  1.558e+01 	
        77.023	  1.560e+01 	
        78.016	  1.556e+01 	
        79.007	  1.553e+01 	
        80.032	  1.555e+01 	
        81.023	  1.557e+01 	
        82.015	  1.557e+01 	
        83.008	  1.557e+01 	
        84.032	  1.552e+01 	
        85.023	  1.548e+01 	
        86.015	  1.549e+01 	
        87.007	  1.552e+01 	
        88.032	  1.553e+01 	
        89.023	  1.554e+01 	
        90.016	  1.550e+01 	
        91.008	  1.545e+01 	
        92.031	  1.541e+01 	
        93.024	  1.544e+01 	
        94.015	  1.549e+01 	
        95.008	  1.550e+01 	
        96.031	  1.551e+01 	
        97.024	  1.548e+01 	
        98.015	  1.545e+01 	
        99.008	  1.543e+01 	
       100.031	  1.545e+01 	
       101.024	  1.547e+01 	
       102.016	  1.545e+01 	
       103.007	  1.544e+01 	
       104.032	  1.541e+01 	
       105.023	  1.539e+01 	
       106.015	  1.538e+01 	
       107.008	  1.542e+01 	
       108.095	  1.545e+01 	
       109.023	  1.542e+01 	
       110.016	  1.538e+01 	
       111.007	  1.535e+01 	
       112.095	  1.534e+01 	
       113.023	  1.532e+01 	
       114.015	  1.537e+01 	
       115.007	  1.542e+01 	
       116.096	  1.543e+01 	
       117.023	  1.539e+01 	
       118.016	  1.535e+01 	
       119.008	  1.536e+01 	
       120.063	  1.532e+01 	
       121.023	  1.532e+01 	
       122.015	  1.535e+01 	
       123.008	  1.537e+01 	
       124.063	  1.538e+01 	
       125.024	  1.535e+01 	
       126.015	  1.532e+01 	
       127.008	  1.532e+01 	
       128.063	  1.529e+01 	
       129.023	  1.526e+01 	
       130.015	  1.530e+01 	
       131.007	  1.531e+01 	
       132.063	  1.532e+01 	
       133.023	  1.530e+01 	
       134.015	  1.529e+01 	
       135.007	  1.526e+01 	
       136.063	  1.526e+01 	
       137.023	  1.525e+01 	
       138.016	  1.526e+01 	
       139.007	  1.529e+01 	
       140.000	  1.532e+01 	
       141.023	  1.532e+01 	
       142.015	  1.529e+01 	
       143.007	  1.528e+01 	
       144.063	  1.526e+01 	
       145.023	  1.525e+01 	
       146.015	  1.523e+01 	
       147.007	  1.522e+01 	
       148.063	  1.524e+01 	
       149.087	  1.527e+01 	
       150.015	  1.528e+01 	
       151.007	  1.527e+01 	
       152.063	  1.528e+01 	
       153.087	  1.526e+01 	
       154.015	  1.524e+01 	
       155.008	  1.522e+01 	
       156.063	  1.520e+01 	
       157.055	  1.516e+01 	
       158.015	  1.516e+01 	
       159.007	  1.515e+01 	
       160.063	  1.517e+01 	
       161.055	  1.520e+01 	
       162.015	  1.521e+01 	
       163.007	  1.521e+01 	
       164.063	  1.521e+01 	
       165.056	  1.523e+01 	
       166.015	  1.522e+01 	
       167.007	  1.522e+01 	
       168.063	  1.521e+01 	
       169.055	  1.519e+01 	
       170.015	  1.518e+01 	
       171.007	  1.519e+01 	
       172.063	  1.519e+01 	
       173.056	  1.519e+01 	
       174.015	  1.519e+01 	
       175.007	  1.519e+01 	
       176.063	  1.518e+01 	
       177.056	  1.517e+01 	
       178.015	  1.517e+01 	
       179.007	  1.516e+01 	
       180.063	  1.516e+01 	
       181.056	  1.516e+01 	
       182.079	  1.516e+01 	
       183.007	  1.516e+01 	
       184.063	  1.517e+01 	
       185.055	  1.516e+01 	
       186.079	  1.516e+01 	
       187.008	  1.516e+01 	
       188.063	  1.516e+01 	
       189.055	  1.516e+01 	
       190.079	  1.515e+01 	
       191.008	  1.513e+01 	
       192.000	  1.513e+01 	
       193.054	  1.515e+01 	
       194.078	  1.516e+01 	
       195.007	  1.516e+01 	
       196.063	  1.516e+01 	
       197.055	  1.515e+01 	
       198.047	  1.514e+01 	
       199.007	  1.513e+01 	
       200.063	  1.512e+01 	
       201.055	  1.512e+01 	
       202.047	  1.512e+01 	
       203.007	  1.511e+01 	
       204.063	  1.512e+01 	
       205.055	  1.512e+01 	
       206.047	  1.511e+01 	
       207.007	  1.510e+01 	
       208.064	  1.509e+01 	
       209.054	  1.507e+01 	
       210.047	  1.506e+01 	
       211.007	  1.506e+01 	
       212.063	  1.505e+01 	
       213.055	  1.505e+01 	
       214.047	  1.505e+01 	
       215.008	  1.504e+01 	
       216.063	  1.504e+01 	
       217.056	  1.504e+01 	
       218.047	  1.504e+01 	
       219.007	  1.505e+01 	
       220.063	  1.505e+01 	
       221.055	  1.505e+01 	
       222.047	  1.507e+01 	
       223.071	  1.507e+01 	
       224.063	  1.508e+01 	
       225.055	  1.509e+01 	
       226.047	  1.509e+01 	
       227.071	  1.509e+01 	
       228.063	  1.510e+01 	
       229.055	  1.509e+01 	
       230.046	  1.510e+01 	
       231.071	  1.510e+01 	
       232.063	  1.510e+01 	
       233.055	  1.511e+01 	
       234.047	  1.511e+01 	
       235.039	  1.512e+01 	
       236.063	  1.512e+01 	
       237.055	  1.510e+01 	
       238.046	  1.508e+01 	
       239.039	  1.510e+01 	
       240.063	  1.510e+01 	
       241.055	  1.510e+01 	
       242.048	  1.507e+01 	
       243.039	  1.504e+01 	
       244.062	  1.503e+01 	
       245.055	  1.502e+01 	
       246.046	  1.503e+01 	
       247.039	  1.504e+01 	
       248.062	  1.507e+01 	
       249.055	  1.509e+01 	
       250.047	  1.510e+01 	
       251.038	  1.512e+01 	
       252.063	  1.512e+01 	
       253.056	  1.512e+01 	
       254.047	  1.514e+01 	
       255.039	  1.514e+01 	
       256.062	  1.511e+01 	
       257.055	  1.511e+01 	
       258.047	  1.514e+01 	
       259.038	  1.513e+01 	
       260.063	  1.511e+01 	
       261.055	  1.506e+01 	
       262.047	  1.503e+01 	
       263.039	  1.501e+01 	
       264.062	  1.502e+01 	
       265.055	  1.505e+01 	
       266.047	  1.506e+01 	
       267.039	  1.507e+01 	
       268.063	  1.509e+01 	
       269.055	  1.510e+01 	
       270.046	  1.511e+01 	
       271.038	  1.512e+01 	
       272.031	  1.513e+01 	
       273.055	  1.511e+01 	
       274.047	  1.510e+01 	
       275.038	  1.510e+01 	
       276.031	  1.511e+01 	
       277.054	  1.509e+01 	
       278.047	  1.506e+01 	
       279.038	  1.503e+01 	
       280.031	  1.498e+01 	
       281.055	  1.495e+01 	
       282.047	  1.495e+01 	
       283.039	  1.497e+01 	
       284.030	  1.500e+01 	
       285.055	  1.502e+01 	
       286.047	  1.504e+01 	
       287.039	  1.505e+01 	
       288.031	  1.507e+01 	
       289.055	  1.508e+01 	
       290.047	  1.507e+01 	
       291.039	  1.508e+01 	
       292.031	  1.507e+01 	
       293.054	  1.510e+01 	
       294.046	  1.510e+01 	
       295.039	  1.508e+01 	
       296.031	  1.506e+01 	
       297.055	  1.505e+01 	
       298.047	  1.501e+01 	
       299.038	  1.499e+01 	
       300.031	  1.498e+01 	
       301.055	  1.498e+01 	
       302.047	  1.498e+01 	
       303.039	  1.500e+01 	
       304.030	  1.501e+01 	
       305.055	  1.502e+01 	
       306.047	  1.503e+01 	
       307.038	  1.504e+01 	
       308.031	  1.504e+01 	
       309.022	  1.505e+01 	
       310.047	  1.507e+01 	
       311.038	  1.507e+01 	
       312.030	  1.507e+01 	
       313.022	  1.507e+01 	
       314.047	  1.507e+01 	
       315.039	  1.507e+01 	
       316.030	  1.507e+01 	
       317.023	  1.506e+01 	
       318.047	  1.506e+01 	
       319.038	  1.506e+01 	
       320.030	  1.507e+01 	
       321.022	  1.506e+01 	
       322.046	  1.506e+01 	
       323.038	  1.505e+01 	
       324.031	  1.504e+01 	
       325.022	  1.503e+01 	
       326.046	  1.502e+01 	
       327.039	  1.500e+01 	
       328.031	  1.500e+01 	
       329.023	  1.499e+01 	
       330.047	  1.498e+01 	
       331.039	  1.496e+01 	
       332.030	  1.495e+01 	
       333.023	  1.495e+01 	
       334.046	  1.495e+01 	
       335.039	  1.496e+01 	
       336.030	  1.498e+01 	
       337.023	  1.502e+01 	
       338.046	  1.504e+01 	
       339.039	  1.505e+01 	
       340.031	  1.506e+01 	
       341.022	  1.505e+01 	
       342.046	  1.504e+01 	
       343.038	  1.503e+01 	
       344.031	  1.504e+01 	
       345.022	  1.503e+01 	
       346.014	  1.500e+01 	
       347.039	  1.498e+01 	
       348.031	  1.495e+01 	
       349.023	  1.494e+01 	
       350.014	  1.492e+01 	
       351.038	  1.491e+01 	
       352.030	  1.491e+01 	
       353.023	  1.496e+01 	
       354.014	  1.500e+01 	
       355.038	  1.502e+01 	
       356.031	  1.504e+01 	
       357.022	  1.505e+01 	
       358.015	  1.505e+01 	
       359.038	  1.504e+01 	
       360.031	  1.504e+01 	
       361.023	  1.505e+01 	
       362.014	  1.506e+01 	
       363.039	  1.507e+01 	
       364.030	  1.507e+01 	
       365.023	  1.506e+01 	
       366.015	  1.506e+01 	
       367.038	  1.504e+01 	
       368.031	  1.503e+01 	
       369.022	  1.503e+01 	
       370.014	  1.504e+01 	
       371.038	  1.504e+01 	
       372.030	  1.504e+01 	
       373.022	  1.504e+01 	
       374.014	  1.504e+01 	
       375.038	  1.504e+01 	
       376.030	  1.504e+01 	
       377.022	  1.503e+01 	
       378.014	  1.504e+01 	
       379.038	  1.504e+01 	
       380.030	  1.504e+01 	
       381.022	  1.505e+01 	
       382.014	  1.504e+01 	
       383.038	  1.505e+01 	
       384.030	  1.506e+01 	
       385.022	  1.506e+01 	
       386.015	  1.506e+01 	
       387.007	  1.506e+01 	
       388.031	  1.506e+01 	
       389.022	  1.507e+01 	
       390.014	  1.506e+01 	
       391.006	  1.506e+01 	
       392.030	  1.504e+01 	
       393.023	  1.505e+01 	
       394.014	  1.504e+01 	
       395.006	  1.506e+01 	
       396.030	  1.506e+01 	
       397.023	  1.506e+01 	
       398.015	  1.505e+01 	
       399.006	  1.504e+01 	
       400.030	  1.502e+01 	
       401.023	  1.500e+01 	
       402.015	  1.497e+01 	
       403.007	  1.495e+01 	
       404.030	  1.493e+01 	
       405.022	  1.493e+01 	
       406.014	  1.495e+01 	
       407.007	  1.495e+01 	
       408.031	  1.497e+01 	
       409.022	  1.499e+01 	
       410.014	  1.501e+01 	
       411.007	  1.502e+01 	
       412.030	  1.503e+01 	
       413.022	  1.504e+01 	
       414.015	  1.506e+01 	
       415.007	  1.506e+01 	
       416.030	  1.506e+01 	
       417.023	  1.505e+01 	
       418.014	  1.506e+01 	
       419.006	  1.505e+01 	
       420.031	  1.507e+01 	
       421.022	  1.507e+01 	
       422.014	  1.505e+01 	
       423.006	  1.505e+01 	
       424.095	  1.502e+01 	
       425.023	  1.500e+01 	
       426.014	  1.496e+01 	
       427.006	  1.495e+01 	
       428.095	  1.496e+01 	
       429.022	  1.494e+01 	
       430.015	  1.496e+01 	
       431.007	  1.497e+01 	
       432.094	  1.499e+01 	
       433.022	  1.501e+01 	
       434.014	  1.501e+01 	
       435.006	  1.503e+01 	
       436.062	  1.505e+01 	
       437.022	  1.505e+01 	
       438.014	  1.505e+01 	
       439.006	  1.505e+01 	
       440.062	  1.506e+01 	
       441.022	  1.505e+01 	
       442.015	  1.507e+01 	
       443.006	  1.507e+01 	
       444.062	  1.507e+01 	
       445.023	  1.505e+01 	
       446.015	  1.502e+01 	
       447.006	  1.500e+01 	
       448.063	  1.497e+01 	
       449.022	  1.497e+01 	
